online_server = 185.30.166.238
game_version  = 1.12300.428.18900
game_server_name = arx
