online_server = game.warface.levelupgames.com.br
game_manual_profile_creation = 1
game_server_name = br
game_version = 1.17200.893.21500
game_crypt_iv = 834724096,29884556,849283813,14157667,779975000,969872986,327122214,893084885
game_crypt_key = 2083562734,1984767777,2458788637,2368082697,2254326692,2160882690,2322485717,277005109,914471926,2941681412,1442496945,2213274523,673356418,1228442711,2934992076,3001260950,3698755357,719450913,2237853824,2833431561,906799308,1664701678,2923440853,2168360904,374049291,2443020791,1531395488,663325332,131091343,290688840,121556733,3218256106
