online_server = game.warface.levelupgames.com.br
game_manual_profile_creation = 1
game_server_name = br
game_version = 1.17400.907.21500
game_crypt_iv = 834724096,29884556,849283813,14157667,779975000,969872986,327122214,893084885
game_crypt_key = 2426628095,3857275101,2615655059,2268398965,978521930,634921726,206735430,246346875,4244449599,1233830724,3746414895,3687164725,3951969945,4063382933,2783774764,576060233,3415876928,1183652747,2922169068,3519311759,49222714,2507658020,978404010,2907565323,1357456300,3185354241,228709254,1438282361,753788002,2497163733,1715921830,1661003184
