online_server = game.warface.levelupgames.com.br
game_manual_profile_creation = 1
game_server_name = br
game_version = 1.18000.944.21500
game_crypt_iv = 834724096,29884556,849283813,14157667,779975000,969872986,327122214,893084885
game_crypt_key = 0,0,0,0,0,0,0,0,0,0,0,0,0,0,0,0,0,0,0,0,0,0,0,0,0,0,0,0,0,0,0,0
