online_server = eu-comm.wf.my.com
game_manual_profile_creation = 1
game_server_name = eu
game_version = 1.16500.232.34300
game_crypt_iv = 834724096,29884556,849283813,14157667,779975000,969872986,327122214,893084885
game_crypt_key = 2377370357,4021266888,640950790,1037886325,3603886094,4138048548,2896755095,2732833503,389072449,3352697215,1165903913,3650134049,607369498,3423998827,2973175283,612494713,76603046,3709644831,20908380,369464668,1539016796,3457955014,3672231784,3332464579,4172456044,660851090,1978543996,477075981,3431804501,3602625863,543188973,1103666849
