online_server = eu-comm.wf.my.com
game_manual_profile_creation = 1
game_server_name = eu
game_version = 1.17600.346.36800
game_crypt_iv = 834724096,29884556,849283813,14157667,779975000,969872986,327122214,893084885
game_crypt_key = 3577575006,2012725947,3270071993,3683789912,668318472,2328606847,4116962337,1606177385,1970640454,1165239393,1493064869,155562303,2982097012,949170684,3130694927,3835237676,2412605827,2075558837,1757524022,2172901408,350283548,1647725220,807173766,1605948991,3074008218,1076690252,2852255196,3776097686,1186605296,4091722461,3946040637,1999840248
