online_server = eu-comm.wf.my.com
game_manual_profile_creation = 1
game_server_name = eu
game_version = 1.22100.2108.34300
game_crypt_iv = 834724096,29884556,849283813,14157667,779975000,969872986,327122214,893084885
game_crypt_key = 1240801226,3013242800,1392564513,4176679233,480209665,3149634686,873194697,1002250275,1050314190,3829084694,1702502036,149972055,2447841935,798319644,733550818,4216708980,4280509874,3368947784,2218454955,1754969725,3458257662,2660421637,3178347440,1486522818,4278831825,1006542504,343828774,2157315003,629984058,3317805539,1701663632,2231704787
