online_server = eu-comm.wf.my.com
game_manual_profile_creation = 1
game_server_name = eu
game_version = 1.19000.448.34300
game_crypt_iv = 834724096,29884556,849283813,14157667,779975000,969872986,327122214,893084885
game_crypt_key = 4250736391,3619833237,502002886,3047883439,2941537457,849858333,2157372176,2101426594,447462700,891179116,4003545407,3390502475,2531499170,3546300016,23259536,2853470215,90247163,815238428,1233469191,2301594806,2038897341,2211718953,2487232448,3176213367,2813330389,247149141,3441851280,3727730142,3650410217,850895966,897093359,1399336704
