online_server = eu-comm.wf.my.com
game_manual_profile_creation = 1
game_server_name = eu
game_version = 1.18400.411.34300
game_crypt_iv = 834724096,29884556,849283813,14157667,779975000,969872986,327122214,893084885
game_crypt_key = 3694540283,1669550016,2041482218,442043420,1150040164,1729670430,3737553674,701520284,3719778509,3064950175,857530554,584433388,485375751,2002883186,3215531711,2445426663,2511222791,3028341596,2154550291,2636318211,1408636123,3667242389,3245569278,3238429797,3395484411,4188989237,1038962040,2134120710,873253019,566601224,2138751680,3923524163
