online_server = eu-comm.wf.my.com
game_manual_profile_creation = 1
game_server_name = eu
game_version = 1.20800.593.34300
game_crypt_iv = 834724096,29884556,849283813,14157667,779975000,969872986,327122214,893084885
game_crypt_key = 4243764381,2049409611,123062624,3292022383,1194550859,3049786441,617079437,3463766266,2568092658,3842181681,172349020,4253568564,536330582,2215187639,2138824513,420325166,601085346,2127056321,3017975315,121478082,204312702,2074168098,1949057097,251009977,2062946073,4142461905,1432180298,345972930,881442268,1500469590,677102641,1610602361
