online_server = eu-comm.wf.my.com
game_manual_profile_creation = 1
game_server_name = eu
game_version = 1.18000.364.34300
game_crypt_iv = 834724096,29884556,849283813,14157667,779975000,969872986,327122214,893084885
game_crypt_key = 1716631791,3095292092,4251219790,1136627079,1844702379,545682359,2293674731,1953586794,752323603,2165851826,3052428718,2343130060,2363367770,3185711037,1345163947,3684807013,4089812430,2256825241,3138480274,3914891088,3290926675,945630364,4203250878,3018650798,3459163677,3911779308,2496400276,3819534107,1698865924,2719235905,4012632778,2568584296
