online_server = eu-comm.wf.my.com
game_manual_profile_creation = 1
game_server_name = eu
game_version = 1.22000.684.34300
game_crypt_iv = 834724096,29884556,849283813,14157667,779975000,969872986,327122214,893084885
game_crypt_key = 146302566,51933228,3873669235,1681600186,157714432,979807023,3392930810,3258789523,2633333932,2871918328,3699713855,3504510192,1746619804,1554891171,792035222,1246963176,3463169764,3251372544,165912565,2848991026,3250321865,324902680,4252862155,2577859606,2715627165,1828822376,592441284,1054893822,1843954661,4074279588,1022772086,1861176469
