online_server = eu-comm.wf.my.com
game_manual_profile_creation = 1
game_server_name = eu
game_version = 1.16800.255.34300
game_crypt_iv = 834724096,29884556,849283813,14157667,779975000,969872986,327122214,893084885
game_crypt_key = 1987188238,2699803259,482644659,2894013729,973870241,3482285934,2044618234,4165059231,1788584494,1753951469,2439804709,139886051,2344053971,663867697,2595628858,3436474743,951886775,1602673566,1793630020,2092077,4090230516,1719263889,1998107422,2796808913,3425635280,58060688,375268287,655544317,1571286252,689178103,2955557285,1797062027
