online_server = eu-comm.wf.my.com
game_manual_profile_creation = 1
game_version  = 1.15700.186.34300
game_server_name = eu
game_crypt_key = 244,79,16,205,66,242,134,136,119,44,23,39,161,119,60,24,153,147,179,18,97,56,97,47,253,203,104,34,4,245,163,203
