online_server = eu-comm.wf.my.com
game_manual_profile_creation = 1
game_server_name = eu
game_version = 1.19200.467.34300
game_crypt_iv = 834724096,29884556,849283813,14157667,779975000,969872986,327122214,893084885
game_crypt_key = 283760323,1912193924,350824816,3794795315,3977716769,1122239304,2352454324,3437870557,3550712367,4078705499,1056994177,638071905,1351747334,3107605407,1907666298,2168034251,2634636850,430288009,3826526576,723522206,4084578261,827556025,1312650911,70937999,3045097314,1608097138,2178336307,1121814847,3450425997,4183939462,2895720466,41766559
