online_server = eu-comm.wf.my.com
game_manual_profile_creation = 1
game_server_name = eu
game_version = 1.17200.284.34300
game_crypt_iv = 834724096,29884556,849283813,14157667,779975000,969872986,327122214,893084885
game_crypt_key = 700436949,4194057939,258397192,2844597500,1340431006,2188735487,3418914964,3437710478,1553208124,4211067285,1741425653,2367039550,890697339,3714271179,3474418406,1700778141,1439651690,1873590885,2835561343,715302653,3776510001,4132234993,76713135,2636120770,1033832563,2376905826,3181929024,278988772,2021686558,3648135193,717544894,531484472
