online_server = eu-comm.wf.my.com
game_manual_profile_creation = 1
game_server_name = eu
game_version = 1.21400.641.34300
game_crypt_iv = 834724096,29884556,849283813,14157667,779975000,969872986,327122214,893084885
game_crypt_key = 2711375091,3108253033,2706142948,1796948133,3263292751,1554856224,3091785037,2045161338,599572781,2905510296,3058107876,4154544741,804738739,2951228847,2215848107,2817184553,4024038079,2128476762,2200096806,3224665818,3690394612,2775982342,2157904263,683436648,426661232,2856832256,635556725,1347230201,535423249,930437415,1640020019,4196654035
