online_server = eu-comm.wf.my.com
game_manual_profile_creation = 1
game_server_name = eu
game_version = 1.19700.513.36800
game_crypt_iv = 834724096,29884556,849283813,14157667,779975000,969872986,327122214,893084885
game_crypt_key = 1817769493,324316057,2988347099,463826411,3904209412,3703424724,3230095270,511344596,1005477789,1144347600,3971865874,2178070032,593139707,2522528871,3524860800,1223383650,3351227324,2622875674,875458016,4014444320,2686195730,3297070215,1309108207,3966843492,2146630042,2132161322,772593110,3498296363,4242444368,1165142205,1059342924,3390222177
