online_server = eu-comm.wf.my.com
game_manual_profile_creation = 1
game_server_name = eu
game_version = 1.16100.202.34300
game_crypt_iv = 834724096,29884556,849283813,14157667,779975000,969872986,327122214,893084885
game_crypt_key = 720814980,3929316947,1297238240,3527742009,1807584932,4265918280,2361623352,3474923626,202316990,1521642903,322505817,120848000,1096849721,1010744888,2503510522,3205260514,2800397687,3504438527,1631691304,2640956697,199109498,1877582756,247642681,3491858986,1891580834,4254121694,2578314490,1408177828,2437016149,2129573633,2540142290,3257009063
