online_server = eu-comm.wf.my.com
game_manual_profile_creation = 1
game_server_name = eu
game_version = 1.19500.484.34300
game_crypt_iv = 834724096,29884556,849283813,14157667,779975000,969872986,327122214,893084885
game_crypt_key = 1188376129,2600989836,2794803025,2002735280,511835724,3963652025,3928419862,1660625138,2057674687,4023870765,148077094,529773523,261506123,2305323035,2710358103,2246314372,4050078752,2137069829,4094307295,2865522448,409659255,3769484340,3451966430,696978351,3310488699,3414018201,4149331649,2468727218,3834577095,3067758620,148147303,2299248874
