online_server = eu-comm.wf.my.com
game_manual_profile_creation = 1
game_server_name = eu
game_version = 1.18000.377.34300
game_crypt_iv = 834724096,29884556,849283813,14157667,779975000,969872986,327122214,893084885
game_crypt_key = 2356879813,628454351,1487836535,2954605653,1267319161,3397900648,4206058958,962048893,2166929640,2528026221,61520970,244567231,2712538762,1522893977,1852184516,973389801,2669348413,2843050576,2061718636,3537400393,3644416250,517305429,2028585307,220291349,3797818013,96491651,2894191918,944335755,3805020794,980526948,3835788778,337101064
