online_server = eu-comm.wf.my.com
game_manual_profile_creation = 1
game_server_name = eu
game_version = 1.21800.666.34300
game_crypt_iv = 834724096,29884556,849283813,14157667,779975000,969872986,327122214,893084885
game_crypt_key = 1622628900,2856258172,575038005,1734906121,579301038,165163459,33685992,1834036323,1786200125,3946326649,1714777890,3167745723,2807867270,3611334309,2340219413,3509706181,2892593782,253144774,1110453257,485875923,1556635755,2144140436,2592303032,934347692,2522700972,1695357800,1716295943,224302642,548455123,4282423802,3401118297,4246499772
