online_server = eu-comm.wf.my.com
game_manual_profile_creation = 1
game_server_name = eu
game_version = 1.17000.273.34300
game_crypt_iv = 834724096,29884556,849283813,14157667,779975000,969872986,327122214,893084885
game_crypt_key = 1646316630,2069550037,648332575,3621705798,4168987618,2083239741,3327834878,790347309,251426320,3507039764,1418292015,2999445284,209587846,2098623141,327445738,8118092,798509043,1827719407,3114072962,960171227,2700113617,2603645374,3959576324,3242609976,1670238480,3426918866,1306449217,2739642229,3199572692,66006452,3660858915,3285883129
