online_server = eu-comm.wf.my.com
game_manual_profile_creation = 1
game_server_name = eu
game_version = 1.17400.316.34300
game_crypt_iv = 834724096,29884556,849283813,14157667,779975000,969872986,327122214,893084885
game_crypt_key = 2170665994,2121857186,3059100365,4090171628,51277272,3897449294,2923670342,3920115218,2415760003,2378247986,767557344,2991871610,1650176050,3064367172,3817809698,3743565034,1495535485,1379066245,2619786058,1754536220,1577067865,3942198726,319452491,2568040067,2247384303,809692807,2357932857,2398082288,2911854283,440910267,254342549,3883246405