online_server = eu-comm.wf.my.com
game_manual_profile_creation = 1
game_server_name = eu
game_version = 1.19900.518.34300
game_crypt_iv = 834724096,29884556,849283813,14157667,779975000,969872986,327122214,893084885
game_crypt_key = 965350305,4139161717,4008906601,3403115643,1739117678,3203819703,24396790,3846696205,2671722269,1475073198,1938925277,2739564623,609926277,3398997218,1937749167,1110650816,38272044,3191762899,3001684662,1957071831,3063812636,841398606,3013674628,594592587,861551707,4129934271,2414955923,1329037095,1477533860,535765165,937546752,4181406708
