online_server = eu-comm.wf.my.com
game_manual_profile_creation = 1
game_server_name = eu
game_version = 1.21200.618.36800
game_crypt_iv = 834724096,29884556,849283813,14157667,779975000,969872986,327122214,893084885
game_crypt_key = 1022045873,1392382938,1292388334,3053252579,3476470075,3390145854,2919529280,1535767946,2886859860,2565314634,3363257294,2391416379,3545837692,1837890852,3291122113,2085955236,1053618816,3194121881,845641620,3825623468,1675675329,3970930198,439075265,837529075,787088827,3534536418,1721771847,2094975372,4287226730,3856263606,589920971,1690334270
