online_server = eu-comm.wf.my.com
game_manual_profile_creation = 1
game_server_name = eu
game_version = 1.17400.311.34300
game_crypt_iv = 834724096,29884556,849283813,14157667,779975000,969872986,327122214,893084885
game_crypt_key = 3184995625,2658442255,2020494889,1673079774,1017526403,1224080856,4108700495,3636893772,849659158,2435950879,2957066395,1626744569,1687946974,2701274520,2035319849,4033238878,1030097908,843325163,752360174,1731295819,1799046929,1149787718,619064460,3480905348,2874291817,4209886002,2620023916,557895074,601578396,646720613,1900346836,1799574289
