online_server = eu-comm.wf.my.com
game_manual_profile_creation = 1
game_server_name = eu
game_version = 1.19900.534.34300
game_crypt_iv = 834724096,29884556,849283813,14157667,779975000,969872986,327122214,893084885
game_crypt_key = 3930066183,3599187729,3537023762,953745940,1084371177,2373109923,852287534,1297111025,2563226433,573835737,3878598152,3413932107,2236849104,2524566775,39815336,959324386,233647312,1847316080,2712405619,333967761,897208727,4290199521,2345309559,4125523811,2251535733,114466335,3913225676,2926791318,225989066,3675350406,3291395726,3965571342
