online_server = eu-comm.wf.my.com
game_manual_profile_creation = 1
game_server_name = eu
game_version = 1.16300.214.34300
game_crypt_iv = 834724096,29884556,849283813,14157667,779975000,969872986,327122214,893084885
game_crypt_key = 1400692902,3297832865,928379896,818598317,45804195,3507950025,1035613402,2645663840,4198482958,866859536,4277418528,727224620,3073710074,1550630899,1444536919,3261713156,2333538813,228825682,2504045629,1350593890,847558553,2624482135,3134498838,2058089070,2317994029,429922131,1320769451,2488371340,140759811,2576300383,3196323222,2443192743
