online_server = eu-comm.wf.my.com
game_manual_profile_creation = 1
game_server_name = eu
game_version = 1.18800.437.34300
game_crypt_iv = 834724096,29884556,849283813,14157667,779975000,969872986,327122214,893084885
game_crypt_key = 2507617061,1826608994,3021440591,209729636,816211963,2850085268,2867015355,2838665664,3205269404,633397294,3902449969,248970288,3761198400,1712863299,3401776711,4259820168,2407566056,3836681577,2862116070,1732805021,2203117523,3332090843,1270053616,30234381,4258152431,2189495307,2183909331,4227693290,3853273603,4166929190,2312497504,395756643
