online_server = eu-comm.wf.my.com
game_manual_profile_creation = 1
game_server_name = eu
game_version = 1.18400.408.34300
game_crypt_iv = 834724096,29884556,849283813,14157667,779975000,969872986,327122214,893084885
game_crypt_key = 916731785,3373389388,3747122618,4235134852,2253954633,2338686170,1161424502,241826169,4261702044,3854633749,3945599507,198241873,4127813981,4212911978,1991211484,672114713,1668290887,2154578156,3632830820,3590599235,3419848409,2497319668,2967198534,3595727959,3102619234,3498723244,462717457,3529189189,802935759,3535698106,1974901521,1633897956
