online_server = us-comm.wf.my.com
game_manual_profile_creation = 1
game_server_name = na
game_version = 1.20400.568.36800
game_crypt_iv = 834724096,29884556,849283813,14157667,779975000,969872986,327122214,893084885
game_crypt_key = 1002328099,2961578762,831439342,1036259960,3058615532,1379560207,4015463660,3744156323,2089513862,1035902291,4252445675,2830180245,1435658615,3473662710,3892780045,2703092720,3644780363,2045394856,744322667,254146473,3918934616,668202824,1439661966,3361574529,3767054305,220858248,1358848527,85860372,2381278332,887466163,4231301706,647042262
