online_server = us-comm.wf.my.com
game_manual_profile_creation = 1
game_server_name = na
game_version = 1.19900.541.34300
game_crypt_iv = 834724096,29884556,849283813,14157667,779975000,969872986,327122214,893084885
game_crypt_key = 431296673,147270692,3348763282,3949520137,1001167019,195839432,1736902439,2174135986,165890537,3689985095,2489013166,3288747271,1573359179,812098379,1997210929,1619230392,3071872696,155123657,858262209,4079103559,3594880460,1427779726,3595477219,77324948,654998989,2731283191,1793912377,2365884549,1163415933,1360055695,1730494057,3894190244
