online_server = us-comm.wf.my.com
game_manual_profile_creation = 1
game_server_name = na
game_version = 1.16500.239.36800
game_crypt_iv = 834724096,29884556,849283813,14157667,779975000,969872986,327122214,893084885
game_crypt_key = 3938212964,2946244619,1669127688,3059440957,153976792,3188424743,1796743674,2297944701,1331094835,553077865,2435994496,1808130976,2282673481,4062351093,1658534035,1848133913,1232791109,2081901551,2649827709,3537189448,355333324,2904818871,1316006694,2808271780,3750413520,2719492807,1131621687,2646442597,4138377608,2109231751,1020982288,2961960835
