online_server = us-comm.wf.my.com
game_manual_profile_creation = 1
game_server_name = na
game_version = 1.20600.581.34300
game_crypt_iv = 834724096,29884556,849283813,14157667,779975000,969872986,327122214,893084885
game_crypt_key = 91352242,938846189,3509347165,4029023617,3214932368,2186012207,2658061096,1992820937,3692808684,1121925964,1914724140,2036155782,2897399026,2773523791,2099257671,863246136,2232771676,3998225099,1984816837,1677910259,3447299788,1176184626,148359918,610664052,2847322177,278656252,2434484944,1180976918,2149631639,699488816,3395883901,3565355724
