online_server = us-comm.wf.my.com
game_manual_profile_creation = 1
game_server_name = na
game_version = 1.18000.396.36800
game_crypt_iv = 834724096,29884556,849283813,14157667,779975000,969872986,327122214,893084885
game_crypt_key = 99417107,828716152,1548051951,3026011169,4179388401,528537439,899558386,757118749,1295896861,4147941609,4267915626,3861381319,2779722805,3390735784,3051248032,928412445,1223471061,1436659016,1051735626,1824134644,488940865,129698368,2577195689,313450339,1251982129,909895203,2423239372,3198597364,1386257501,3808445398,3043094120,4137459644
