online_server = us-comm.wf.my.com
game_manual_profile_creation = 1
game_server_name = na
game_version = 1.16800.259.34300
game_crypt_iv = 834724096,29884556,849283813,14157667,779975000,969872986,327122214,893084885
game_crypt_key = 2541279035,3468819511,4053745601,513474514,3857306697,3892383095,3823879748,2723856362,858173984,2578422356,1793618888,2751996901,635026738,2224120317,78164431,2598772457,2024731710,1989518199,880387662,2094951858,3928335637,3922411231,4063833573,3714893607,4003901958,2007296003,2943517708,1998239232,3118540535,663202659,607603119,3963402929
