online_server = us-comm.wf.my.com
game_manual_profile_creation = 1
game_version  = 1.15700.192.36800
game_server_name = na
game_crypt_key = 2049143247,4118983235,1355485602,1064651493,1443781483,1169792931,2348250637,3632458431,275964861,3762279161,2360343692,361874357,1474571058,3379730397,3336564804,1317428250,18576167,3763135444,4069297876,401670660,1481510602,1458514530,449640754,2914057264,1846837938,3728573374,2925410713,2124928560,3208045931,1669363302,3154527858,1972491834
