online_server = us-comm.wf.my.com
game_manual_profile_creation = 1
game_server_name = na
game_version = 1.21600.657.36800
game_crypt_iv = 834724096,29884556,849283813,14157667,779975000,969872986,327122214,893084885
game_crypt_key = 262743883,1106858057,4029754427,370744394,2201568065,2691639179,4171979678,2706786087,4191911384,1234237351,3728491186,994461604,662052715,1937833294,1487310373,2401157884,175016082,556562301,176634668,1119979402,3210629159,2757093887,1395120966,3436751693,187635124,223782778,165925367,934651149,83708619,4282794953,3260157611,1206020762
