online_server = us-comm.wf.my.com
game_manual_profile_creation = 1
game_server_name = na
game_version = 1.16100.201.34300
game_crypt_iv = 834724096,29884556,849283813,14157667,779975000,969872986,327122214,893084885
game_crypt_key = 622804192,2578018047,2637553499,149387006,1605982514,3082245302,85343706,2468939152,870001305,4191175615,1032013544,2656666053,1925941558,3519747195,990865924,3134664863,1435837781,4130882363,1122142213,4032886560,855578248,828331602,1130573126,3804370261,1382060415,2484132959,1088367060,2148633438,2484491464,685170032,2767237970,3203095337
