online_server = us-comm.wf.my.com
game_manual_profile_creation = 1
game_server_name = na
game_version = 1.21800.671.36800
game_crypt_iv = 834724096,29884556,849283813,14157667,779975000,969872986,327122214,893084885
game_crypt_key = 2988518698,2769232253,1284398577,2193012139,888580988,503677511,3657371807,754216729,530157418,302257337,3981331175,1773860047,868298708,16043769,333008677,503006839,244220317,96638196,2187802344,2899420629,3302600837,626735579,3963530127,263549362,3069870447,3473361277,2300081757,3151774874,1327467963,2730447793,2169668548,3674248009
