online_server = us-comm.wf.my.com
game_manual_profile_creation = 1
game_server_name = na
game_version = 1.18600.423.34300
game_crypt_iv = 834724096,29884556,849283813,14157667,779975000,969872986,327122214,893084885
game_crypt_key = 282089376,2275391210,3728820740,827241730,3263861153,4118210994,1735261328,1493670894,3365173409,1944714519,606590598,1758927846,1908465750,3262346853,2140561649,4029372329,1683149287,2386413337,245814666,2287180703,3455731318,18945204,3305271231,3039236705,722234793,2614965957,1623155293,3990405229,3217563141,2128789745,366975949,23162905
