online_server = us-comm.wf.my.com
game_manual_profile_creation = 1
game_server_name = na
game_version = 1.20400.563.34300
game_crypt_iv = 834724096,29884556,849283813,14157667,779975000,969872986,327122214,893084885
game_crypt_key = 2949560325,1618051965,3764051250,1099662652,3441374518,3896310486,4003768558,2041144138,4015609542,1795984226,329296683,2858249978,1941049795,2031781920,402584132,1209404692,2226935012,4284758872,1053113513,3724056782,965629325,1793478598,1021554940,2408069894,4024625635,3283081811,1131477085,321732753,386313353,2190302982,656587882,215020711
