online_server = us-comm.wf.my.com
game_manual_profile_creation = 1
game_server_name = na
game_version = 1.17200.293.36800
game_crypt_iv = 834724096,29884556,849283813,14157667,779975000,969872986,327122214,893084885
game_crypt_key = 314825856,3567659114,4128798243,897106543,2395284851,1861511757,2344430879,325284947,4093988678,169215017,463426791,613809701,1604667868,710158178,2225711939,126739085,2397456385,1826738962,1934389942,1575120001,3400742769,176679192,2561534538,1647257181,3480621479,1275058550,1412923941,3538446712,868624212,2136376188,209620837,3882926999
