online_server = us-comm.wf.my.com
game_manual_profile_creation = 1
game_server_name = na
game_version = 1.21200.615.34300
game_crypt_iv = 834724096,29884556,849283813,14157667,779975000,969872986,327122214,893084885
game_crypt_key = 1604816771,3162738793,2437571294,4009543860,2810672841,3546500804,3437171550,607237793,735214185,3647363823,1014879108,4024680262,335333401,740246465,2401253512,2075229137,2976813541,2374325914,1976041857,4118362827,1356998602,2864399916,3593658053,2068077574,2124492860,266634155,2587161090,445548298,2432689713,2897329013,1262636450,320192598
