online_server = us-comm.wf.my.com
game_manual_profile_creation = 1
game_server_name = na
game_version = 1.20300.554.34300
game_crypt_iv = 834724096,29884556,849283813,14157667,779975000,969872986,327122214,893084885
game_crypt_key = 2663690063,2135163747,1085322104,50181148,354778378,2587682198,2033826628,2229110715,1907023717,2598952092,4102474747,1702260025,560032769,924327018,4026504662,1665613808,1580264665,2534136235,3787408516,3082289809,1521805964,3511634226,3056996553,2163623579,4229891623,270333228,813984117,735326843,934797192,1562364350,2746230403,659045958
