online_server = us-comm.wf.my.com
game_manual_profile_creation = 1
game_server_name = na
game_version = 1.22000.688.34300
game_crypt_iv = 834724096,29884556,849283813,14157667,779975000,969872986,327122214,893084885
game_crypt_key = 2258229240,3024742394,708948876,4080447507,552450252,2900560250,26478313,1607021895,1605563313,1381902462,420810433,2803461988,3617965618,2004419549,3574193287,2699934923,865956517,704595833,2774802385,1283253789,2075299369,2549839160,390365850,9772642,2088597202,3911309918,1894394891,1151281516,2582183832,451349429,4212179508,3778383935
