online_server = us-comm.wf.my.com
game_manual_profile_creation = 1
game_version  = 1.15400.170.34300
game_server_name = na
game_crypt_key = 64,12,210,68,200,137,10,125,116,242,106,53,231,114,209,172,155,92,38,14,232,31,37,213,69,86,83,75,158,20,48,208
