online_server = us-comm.wf.my.com
game_manual_profile_creation = 1
game_server_name = na
game_version = 1.21200.625.36800
game_crypt_iv = 834724096,29884556,849283813,14157667,779975000,969872986,327122214,893084885
game_crypt_key = 3408440055,176230849,2237707384,1692172827,2132976855,3339601734,3879572025,436637617,2447917453,2799029946,3697049825,3823929188,3722371706,343292009,1893248502,3204602373,2122075928,161273784,1512875587,2398012988,3151380359,2391714372,1240569791,473630971,3820467875,941164756,3947443693,389579721,220714786,339648791,2610227668,3329624533
