online_server = us-comm.wf.my.com
game_manual_profile_creation = 1
game_server_name = na
game_version = 1.21600.651.34300
game_crypt_iv = 834724096,29884556,849283813,14157667,779975000,969872986,327122214,893084885
game_crypt_key = 4209908010,2271146380,35657388,2443088608,2330988938,2730014908,2925181723,818095673,1444019455,2423077405,1890892272,3301761789,3165868634,312749393,1857255675,3959729711,1605979325,3056971377,4275908276,2361797745,840088409,363287718,932251835,910280416,1863990376,429428670,1120742861,978118767,1793005588,3391878849,1181901046,2074528913
