online_server = us-comm.wf.my.com
game_manual_profile_creation = 1
game_server_name = na
game_version = 1.22800.2166.11900
game_crypt_iv = 834724096,29884556,849283813,14157667,779975000,969872986,327122214,893084885
game_crypt_key = 1042048177,607677543,2889941211,3598261994,286089811,2360131195,1875021741,285987605,1130127776,2007036572,1588102015,1206604937,1391345065,480908366,3013002850,2903567111,4286374576,207136828,2279546449,4098940721,2524626535,2461615727,2756473559,4152524424,1562716981,2218915875,3726791571,2433306874,790892296,841047122,3377967341,2991865682
