online_server = us-comm.wf.my.com
game_manual_profile_creation = 1
game_server_name = na
game_version = 1.23400.2267.17100
game_crypt_iv = 834724096,29884556,849283813,14157667,779975000,969872986,327122214,893084885
game_crypt_key = 2863179557,3621287658,1168682496,2104515140,150302507,2979584316,425368651,34209961,315652432,1310880639,1545109488,2224643495,3482578949,2167896037,2935884809,3211297578,184390532,2570430515,2078764461,3263103310,1856616321,1669290397,4079726211,3180990692,3801443791,2243535312,2908927318,1796066248,2849060754,1464362783,134513667,1198475346
