online_server = us-comm.wf.my.com
game_manual_profile_creation = 1
game_server_name = na
game_version = 1.22600.2142.17100
game_crypt_iv = 834724096,29884556,849283813,14157667,779975000,969872986,327122214,893084885
game_crypt_key = 170602245,752947822,3113740900,3340656576,3867504683,3820000403,2648530990,469641381,2002793962,3567818408,2163716245,1376477365,562975918,1688547001,888720097,1038252730,2487230064,3969257292,646399819,3527235889,3169895108,2758924694,625402283,1150017652,4048620832,2875770634,3468532721,2698812498,3205261679,4219466979,2177053421,3702259910
