online_server = us-comm.wf.my.com
game_manual_profile_creation = 1
game_server_name = na
game_version = 1.19700.509.34300
game_crypt_iv = 834724096,29884556,849283813,14157667,779975000,969872986,327122214,893084885
game_crypt_key = 2725962969,3749265995,2337115104,2555309970,2823279448,3201616815,802724476,3784605322,1551674328,413913684,4194239847,1060413753,914905310,1619191769,2231117277,915381394,2939042784,1371343844,1742044088,3446025248,3863817418,879173183,1219049076,378955345,4033425620,2451444125,1889817802,1473841402,3140238947,2213510722,904134482,3373231895
