online_server = us-comm.wf.my.com
game_manual_profile_creation = 1
game_server_name = na
game_version = 1.23200.2226.11900
game_crypt_iv = 834724096,29884556,849283813,14157667,779975000,969872986,327122214,893084885
game_crypt_key = 4102568565,1121028369,3938745659,3790451357,529845423,3431071002,1758456583,1579004207,3910632143,2083797426,4185361268,156183642,121844962,3495443422,2549862826,530860975,2507080772,1004310032,289198527,2093740592,2638605130,1657644151,4092344829,2711464312,684571651,2346680822,1870553107,4007024930,602932416,664092645,2011394588,2541457029
