online_server = us-comm.wf.my.com
game_manual_profile_creation = 1
game_server_name = na
game_version = 1.18800.440.34300
game_crypt_iv = 834724096,29884556,849283813,14157667,779975000,969872986,327122214,893084885
game_crypt_key = 1412951773,689696521,1131748728,2596787745,62970819,648260447,2541026863,3692460604,1827645009,1020751706,2113191655,2208837126,828928714,2092601055,3988088901,3736615838,3495633477,1928986190,1467612592,2370542379,828609786,3333896643,609229412,862827096,2233677975,331137453,1289479433,456044465,440820558,363589414,760584237,2186753053
