online_server = us-comm.wf.my.com
game_manual_profile_creation = 1
game_server_name = na
game_version = 1.16100.204.36800
game_crypt_iv = 834724096,29884556,849283813,14157667,779975000,969872986,327122214,893084885
game_crypt_key = 2922095483,122753853,3709993720,871876132,3415816627,2895365079,3139170881,2672206215,296721701,1336469202,892010082,320315969,2776558938,3213819715,80369567,296208176,3570761495,326437919,1249582742,3135733564,3041330491,1730978448,1505024705,18775150,3387075624,1719912630,1123076365,3325255072,4014485059,634159421,3513224392,932148456
