online_server = us-comm.wf.my.com
game_manual_profile_creation = 1
game_server_name = na
game_version = 1.17600.334.34300
game_crypt_iv = 834724096,29884556,849283813,14157667,779975000,969872986,327122214,893084885
game_crypt_key = 3405637249,1233320998,1752763761,1952063066,109918161,1525195664,3670283686,814555514,326176206,1499327124,2133923119,1450426398,2423417640,1346470400,1965989204,3050108420,230290131,3982571596,1811729896,677774301,1517167061,1618415448,3920513537,636796813,2896544288,115357968,307583215,1730753860,661225985,291922385,474752568,2376348398
