online_server = us-comm.wf.my.com
game_manual_profile_creation = 1
game_server_name = na
game_version = 1.19200.469.34300
game_crypt_iv = 834724096,29884556,849283813,14157667,779975000,969872986,327122214,893084885
game_crypt_key = 2453203250,4169208001,2461205462,2824968153,2346935429,784864577,1856134966,1437121121,614639885,76623783,77902379,1443074521,1034876148,2026326129,2358591625,3996633513,2550214802,2945991465,4046092899,322461174,4107847989,2394508326,2453762228,3310025811,1275205502,1554320765,89092420,661631609,135842493,1366600759,3002328269,4235627189
