online_server = s0.warface.ru
game_manual_profile_creation = 1
game_server_name = ru-alpha
game_version = 1.18000.1649.41200
game_crypt_iv = 834724096,29884556,849283813,14157667,779975000,969872986,327122214,893084885
game_crypt_key = 2205204489,4241889532,458547473,3022566995,3736929550,3475101088,551740328,841081358,2258358816,2553442703,1899633288,1649886971,725046266,4262003613,2349122517,2085946467,3383011398,3028309273,2322953101,1122988939,1335217599,3580633432,3638651220,3743934272,1463584114,2092582753,2614550120,921623243,703386627,1434428140,2133455482,3292670144
