online_server = s1.warface.ru
game_manual_profile_creation = 1
game_server_name = ru-alpha
game_version = 1.23200.2240.17100
game_crypt_iv = 834724096,29884556,849283813,14157667,779975000,969872986,327122214,893084885
game_crypt_key = 2684779960,4043845580,1687796942,102804533,1101386868,504912041,1953968837,564320819,739313423,2333660822,1336757348,1591445781,3708154013,289373837,807189434,1966918771,3163636998,2723246906,2825520793,2764889988,1552392251,1493316274,187478773,576374827,3018335217,402059317,1862053599,3422744109,879280635,427505739,1856984377,267023318
