online_server = s0.warface.ru
game_manual_profile_creation = 1
game_server_name = ru-alpha
game_version = 1.18600.1724.41200
game_crypt_iv = 834724096,29884556,849283813,14157667,779975000,969872986,327122214,893084885
game_crypt_key = 180544096,2252505064,4084567626,4043693137,1678136228,2279962150,4252494886,1147731528,3557534016,2522476311,1545374369,1786240238,120324847,2989928636,4060021314,2484541489,2313022180,1011180902,3506346912,2486203249,2317173772,608825195,1145111494,39313169,4233075205,2498416976,495546396,1534261864,47073728,905243619,4285914669,4124432125
