online_server = s0.warface.ru
game_manual_profile_creation = 1
game_server_name = ru-alpha
game_version = 1.19700.1820.41200
game_crypt_iv = 834724096,29884556,849283813,14157667,779975000,969872986,327122214,893084885
game_crypt_key = 2331138422,378956700,941490775,3010467330,1685374295,3649146272,445616858,1539537701,59283196,3077526397,2507495389,1080664390,1540889740,1048050594,449184897,597542547,3213173805,1560164182,3507119290,4226079559,1462719486,264790806,2346269755,46409170,3188825483,2890664608,1927383732,1766396656,582976731,4032095405,3356060880,184272648
