online_server = s0.warface.ru
game_manual_profile_creation = 1
game_server_name = ru-alpha
game_version = 1.17200.1571.41200
game_crypt_iv = 834724096,29884556,849283813,14157667,779975000,969872986,327122214,893084885
game_crypt_key = 358066620,1423355168,1031110547,1127100862,1919034552,3289855797,3780685171,1546966192,3933295781,2769336051,2324084248,3542465794,1358409708,2017956667,1097938385,1125730983,2522841201,3107021473,1954515774,2806147106,362431694,2587916386,3684242162,2013500907,3655103348,1072983454,3926241830,2367119117,1149346023,2851998655,3188860540,3879983507
