online_server = s1.warface.ru
game_manual_profile_creation = 1
game_server_name = ru-alpha
game_version = 1.21600.2003.22400
game_crypt_iv = 834724096,29884556,849283813,14157667,779975000,969872986,327122214,893084885
game_crypt_key = 1580425853,1309552560,2788186674,2798837168,188917586,1625555584,1771804431,811438354,2628314420,2845316757,753110,2426572674,1194999859,3059338555,2689428060,167325984,2946504776,1306182941,4160963536,2483785974,1043406010,2031206481,3102853027,2102210867,1857565695,3436188898,1462095191,58944893,3152722802,862043101,1371551587,4076646399
