online_server = s0.warface.ru
game_manual_profile_creation = 1
game_server_name = ru-alpha
game_version = 1.20600.1899.22400
game_crypt_iv = 834724096,29884556,849283813,14157667,779975000,969872986,327122214,893084885
game_crypt_key = 1203989527,181634034,2170582025,1866578635,2604669805,3581657600,510721294,3193640790,602896665,2754357094,1492119209,2461662357,2001653900,3012003349,703241715,1909448347,252638685,910833278,2853660482,1418414292,3742029826,3288207605,2709554691,341243689,99985276,3074037971,1164163360,982313678,3010636279,203751086,2385039936,2828176896
