online_server = s0.warface.ru
game_manual_profile_creation = 1
game_server_name = ru-alpha
game_version = 1.20800.1913.41200
game_crypt_iv = 834724096,29884556,849283813,14157667,779975000,969872986,327122214,893084885
game_crypt_key = 2776244815,2781251964,1402481929,1726406544,822985973,2620460147,1463057756,2214984822,353306828,682595402,2296071301,1144133819,2139332794,3111902278,3107056860,3703294999,541329831,2007721005,124841926,1420132329,255591013,2378036575,3404731371,2055359321,721548835,415492780,3014174316,1441195892,214499111,110118716,2384747112,1760701127
