online_server = s0.warface.ru
game_manual_profile_creation = 1
game_server_name = ru-alpha
game_version = 1.18400.1714.22400
game_crypt_iv = 834724096,29884556,849283813,14157667,779975000,969872986,327122214,893084885
game_crypt_key = 683601662,2325360168,796185309,3023315425,200265065,287533657,3633446791,3939426972,2245705067,2783316594,3942702806,2525832304,3092863737,2546177239,1847819234,3110886231,197276982,3539155688,1343076104,58363266,464196837,2092398174,1997323900,2065638129,1113066988,924069621,696129286,3058903139,1436970750,2624166714,150090523,211660267
