online_server = s1.warface.ru
game_manual_profile_creation = 1
game_server_name = ru-alpha
game_version = 1.22100.2077.41200
game_crypt_iv = 834724096,29884556,849283813,14157667,779975000,969872986,327122214,893084885
game_crypt_key = 1565416168,3611507097,827799880,3104647721,1213673651,3841656878,3303574081,3948505244,568870509,3541165534,3710068552,3146367494,1987003513,912328029,3901172462,1361245452,35518103,425577759,3347671091,2126256670,2770470612,746824473,418070222,2147700889,2100093163,4132383180,121136595,1783242769,931948023,1699621655,3223307709,1226856584
