online_server = s0.warface.ru
game_manual_profile_creation = 1
game_server_name = ru-alpha
game_version = 1.17600.1632.22400
game_crypt_iv = 834724096,29884556,849283813,14157667,779975000,969872986,327122214,893084885
game_crypt_key = 3839877799,2044819422,1567648553,2482327799,3957672608,513131926,1943806143,1989780038,1213987527,1156558826,513352996,3852382041,3426490282,874007219,1035388528,3358934247,3919495048,848174001,680030764,3118993243,2609616660,1740258233,601899950,3659381002,2367855487,887335714,2590080856,170871869,3651120015,3635730687,1731453234,1866379965
