online_server = s1.warface.ru
game_manual_profile_creation = 1
game_server_name = ru-alpha
game_version = 1.21600.1993.41200
game_crypt_iv = 834724096,29884556,849283813,14157667,779975000,969872986,327122214,893084885
game_crypt_key = 2308444713,4045509632,1460603322,4257929692,600082869,170957458,2744000907,4129315446,753535971,913886934,512739300,1793759725,2720973814,2201402415,1458834758,2667993428,3907233201,2099946797,2048715338,2138203452,3822352360,3559542646,2185997880,3796229233,4241747073,3603235918,1419015138,3963008186,4200125393,998835634,2436793136,4025553148
