online_server = s1.warface.ru
game_manual_profile_creation = 1
game_server_name = ru-alpha
game_version = 1.21800.2031.22400
game_crypt_iv = 834724096,29884556,849283813,14157667,779975000,969872986,327122214,893084885
game_crypt_key = 1223421360,324883012,1368715880,4263562493,463685916,4056891175,3087115032,3227142064,877214324,3674730144,1022348633,3343931492,374287175,3187548299,4266279424,2177972712,3862196100,3511829311,2694147443,2948082614,635814430,2958519252,1295164005,2507733241,2921472490,1666274022,1764825782,2953837492,1820559605,3637593205,1601056154,3730464922
