online_server = s0.warface.ru
game_manual_profile_creation = 1
game_server_name = ru-alpha
game_version = 1.17600.1616.41200
game_crypt_iv = 834724096,29884556,849283813,14157667,779975000,969872986,327122214,893084885
game_crypt_key = 1790297292,3532661960,3381390506,370588524,2551557747,2224675015,1209231260,1649072818,1936219875,2159623188,1672136794,3844902953,1911090180,3265058022,4959848,3752826071,1109888458,3350442604,3001203931,4105065916,1248629497,1190370509,3089090147,3665839694,3104207612,3699906902,2393502824,3684346751,454830549,3210560870,1978582879,3834371645
