online_server = s1.warface.ru
game_manual_profile_creation = 1
game_server_name = ru-alpha
game_version = 1.21600.2010.22400
game_crypt_iv = 834724096,29884556,849283813,14157667,779975000,969872986,327122214,893084885
game_crypt_key = 2609758240,4206805498,588613490,1564491742,3210457311,1536534984,3698022879,3310304565,3405776269,3515979206,3396770372,2848874371,2521592930,1978091487,3397299518,1433268197,1508063711,1612959461,3799661358,205604620,1562243861,3779260805,945534679,2976678204,2506654729,1837044616,4177438759,792569652,1492354151,3771615823,439861830,331299061
