online_server = s1.warface.ru
game_manual_profile_creation = 1
game_server_name = ru-alpha
game_version = 1.22600.2158.17100
game_crypt_iv = 834724096,29884556,849283813,14157667,779975000,969872986,327122214,893084885
game_crypt_key = 3203106034,909718481,1516319162,2082876428,2066220136,2082919246,1037388827,3336852058,2332921067,421307222,524745836,2316230816,4122045014,3464874617,2016269290,2704827326,1186218677,1572063549,3503710460,2517147817,2551978991,1826599006,4226425707,980707808,784473237,718251045,2915307857,3285181061,2902992688,1183555135,1000998037,3447413887
