online_server = s0.warface.ru
game_manual_profile_creation = 1
game_server_name = ru-alpha
game_version = 1.18800.1734.41200
game_crypt_iv = 834724096,29884556,849283813,14157667,779975000,969872986,327122214,893084885
game_crypt_key = 2606490250,3428015039,1702846232,1703871312,94586688,3464415391,3548317894,3565472427,2902895453,3888302447,1544658070,1830497928,952028099,524988241,4143232594,1327491432,2436956731,348128257,109999216,3575626522,358294950,4205404632,2395955972,1043594285,2040295868,2915843863,478101509,663998595,751708797,4198254833,2666324336,1123868199
