online_server = s0.warface.ru
game_manual_profile_creation = 1
game_server_name = ru-alpha
game_version = 1.19500.1803.41200
game_crypt_iv = 834724096,29884556,849283813,14157667,779975000,969872986,327122214,893084885
game_crypt_key = 1211583960,2230106771,2323040848,502114557,3975967907,4119823487,2341133203,3249210047,3782338589,3309939615,135015366,2234034144,2445149170,1673528502,592240666,898675562,3538775256,1402502041,1210673241,2561705021,1473641555,1227454435,2288857928,1763442279,4163793002,1813528013,314281006,3367965630,2239185356,1983560086,1913653488,1036893081
