online_server = s0.warface.ru
game_manual_profile_creation = 1
game_server_name = ru-alpha
game_version = 1.18400.1705.41200
game_crypt_iv = 834724096,29884556,849283813,14157667,779975000,969872986,327122214,893084885
game_crypt_key = 3612957017,1179670150,175964170,2108891871,3168806398,3398874595,2489016148,3570519638,1939975093,3189111737,2523957901,2646969053,2430541167,1596942041,1568732739,135728301,3961198847,4246986885,1944305950,4114291324,3310401882,1033763293,656028406,1884311372,871116372,944092779,4169602782,3280273007,2997717068,2875292828,2783772615,565001887
