online_server = s1.warface.ru
game_manual_profile_creation = 1
game_server_name = ru-bravo
game_version = 1.17200.1581.22400
game_crypt_iv = 834724096,29884556,849283813,14157667,779975000,969872986,327122214,893084885
game_crypt_key = 989223550,3966535698,2832310574,1670103524,2159527917,1966952694,2994862814,2208305083,773547834,4174790178,2369502115,2282445660,2592909260,2365663854,1216651507,2707797171,726303587,741570921,3912509299,1336820527,2970628462,3231168685,1642721990,2461923898,2437102065,1383516247,3300804529,1982014141,4273278132,3699653927,2718763983,3853764941
