online_server = s1.warface.ru
game_manual_profile_creation = 1
game_server_name = ru-bravo
game_version = 1.19000.1750.41200
game_crypt_iv = 834724096,29884556,849283813,14157667,779975000,969872986,327122214,893084885
game_crypt_key = 1976001491,2686314209,2433244031,1440107681,767644176,3780766675,2161717597,875957990,198270336,1748012539,2068852412,630029110,4284457178,2092021655,1337187702,51943380,1938143855,2310383492,1710616865,648037306,2470945448,3569657524,2742794884,1439583761,1527566629,270003782,3183778001,974705502,1206923234,3560324330,1069862346,2304927628
