online_server = s2.warface.ru
game_manual_profile_creation = 1
game_server_name = ru-bravo
game_version = 1.21000.1929.41200
game_crypt_iv = 834724096,29884556,849283813,14157667,779975000,969872986,327122214,893084885
game_crypt_key = 3853154750,3715968830,1575320150,2888267116,2595381332,1731156007,2623248251,733908292,2112491729,908281616,586842299,3224006333,2208608510,1896873482,531811186,1638078945,2544470125,3209057567,1641636517,2879236752,418848383,2431374571,1536647187,2250710986,996359981,3578371915,1227480313,2891839124,1285789147,3877833955,3299805566,1010085798
