online_server = s1.warface.ru
game_manual_profile_creation = 1
game_server_name = ru-bravo
game_version = 1.20400.1882.22400
game_crypt_iv = 834724096,29884556,849283813,14157667,779975000,969872986,327122214,893084885
game_crypt_key = 1448332192,1306385043,3604748092,15037027,261990061,3073680386,1646598251,2830752686,3209235011,900125457,2182656805,3707388619,1742195460,228177637,1241918523,3696703044,383808513,1214310064,1818049527,3915565016,3901438657,2206477585,4169039908,2988134856,2489946404,1890626851,1907247925,1317082052,1624335769,1896742708,1064714019,59556605
