online_server = s2.warface.ru
game_manual_profile_creation = 1
game_server_name = ru-bravo
game_version = 1.22600.2135.17100
game_crypt_iv = 834724096,29884556,849283813,14157667,779975000,969872986,327122214,893084885
game_crypt_key = 3292491431,1942239646,1108835614,38999974,1781183310,504302088,728036058,98360639,284197142,1540353168,645847407,2619684939,407048072,3336440564,2337322228,3601261735,3921416566,3089120421,580176359,557815349,4099144091,1815359310,1989640952,1609282424,3267003514,392486434,1950664049,817993643,89961466,3566017197,3799890675,824311987
