online_server = s1.warface.ru
game_manual_profile_creation = 1
game_server_name = ru-bravo
game_version = 1.19200.1773.22400
game_crypt_iv = 834724096,29884556,849283813,14157667,779975000,969872986,327122214,893084885
game_crypt_key = 2231623143,2885947726,1629090293,3786389276,1095039757,1122264221,2999399849,2917365782,287872081,58978087,3938652929,962494491,2286476876,3645369872,465384005,750173057,3801868975,4170396079,3660220265,2954729753,2793833595,3229655185,870261892,3570105155,885451700,3296292470,3020707807,2842181860,3988617957,113809572,925785529,2357042592
