online_server = s1.warface.ru
game_manual_profile_creation = 1
game_server_name = ru-bravo
game_version = 1.20400.1878.41200
game_crypt_iv = 834724096,29884556,849283813,14157667,779975000,969872986,327122214,893084885
game_crypt_key = 211128570,2143486908,2990312015,2589164634,3332262123,2177577584,803779170,790234135,3371162926,2474994297,3055995817,1481922622,664866072,1457153745,1131304694,3447764324,3535710562,3197021709,1156644271,2765084990,2317149946,1505573686,1418629103,601914805,956534905,1529350918,534483855,1345713148,1888858136,1141618310,3369412668,658394428
