online_server = s1.warface.ru
game_manual_profile_creation = 1
game_server_name = ru-bravo
game_version = 1.16100.1457.41200
game_crypt_iv = 834724096,29884556,849283813,14157667,779975000,969872986,327122214,893084885
game_crypt_key = 3956314056,987498576,2660405936,2988141271,2549945631,2838923152,3769088636,2600104478,3766170105,3186410096,4018596866,1896757411,3694440185,3789274761,1966049908,2637656369,1669866644,3507128749,170156319,1028172089,764736057,418330633,3984345484,803873340,3244919719,1235239325,2346805540,1143319735,643799856,1135301134,2693048543,794926894
