online_server = s2.warface.ru
game_manual_profile_creation = 1
game_server_name = ru-bravo
game_version = 1.22800.2176.17100
game_crypt_iv = 834724096,29884556,849283813,14157667,779975000,969872986,327122214,893084885
game_crypt_key = 2303567094,93773882,1502303825,781658126,4108230868,305518813,3873014650,1073632941,2760898764,3474386785,2813124474,2973063599,1359538817,45093003,2981049601,2127627867,482761427,1450716923,3010793772,1095562733,2696350655,1783765048,2410820932,3568774509,2021472898,3964219174,4137919530,4190479090,983416042,1098901184,4015627916,3107208537
