online_server = s2.warface.ru
game_manual_profile_creation = 1
game_server_name = ru-bravo
game_version = 1.22000.2048.22400
game_crypt_iv = 834724096,29884556,849283813,14157667,779975000,969872986,327122214,893084885
game_crypt_key = 1910069305,1647352843,1324939216,2947864105,148240518,1452611955,465489531,3271938000,4157690800,3955202499,3346663061,3673301267,2923932906,2012970390,1461668801,3984122817,4092933089,1997912535,829350647,4052636012,2972357896,3098937008,4067963144,1248517520,3232422753,4237131114,2971841544,671924720,3447204168,3923781138,955630663,3107103091
