online_server = s2.warface.ru
game_manual_profile_creation = 1
game_server_name = ru-bravo
game_version = 1.23400.2276.17100
game_crypt_iv = 834724096,29884556,849283813,14157667,779975000,969872986,327122214,893084885
game_crypt_key = 2978469782,4264035540,3450230487,2636495145,546922420,1674894770,2106050681,3717083482,231877492,409531387,3956815849,3411170448,2875946759,3496660963,3897907371,2692840924,3958233001,1663337059,1670022112,2330696397,4279963398,23140146,1373285060,2321755728,791581780,1527457213,1428505352,3213024458,4274346879,156933008,804767635,2966509721
