online_server = s1.warface.ru
game_manual_profile_creation = 1
game_server_name = ru-bravo
game_version = 1.20300.1868.41200
game_crypt_iv = 834724096,29884556,849283813,14157667,779975000,969872986,327122214,893084885
game_crypt_key = 3765026483,1818072605,1697884627,2795232418,1557200301,946499635,2520138160,3539766168,656879466,2080256933,4007423579,1774162889,1031655614,3517995225,3637990698,2502688599,3035202656,518127178,2334268651,3672565337,1437634149,2227711311,1270499815,3121845525,297547664,3469546517,3918569875,3293222644,721634515,1206309786,3058553037,1019921481
