online_server = s2.warface.ru
game_manual_profile_creation = 1
game_server_name = ru-bravo
game_version = 1.22800.2208.17100
game_crypt_iv = 834724096,29884556,849283813,14157667,779975000,969872986,327122214,893084885
game_crypt_key = 1943155163,2513898342,3442633971,2424030011,734857225,113185124,2617605565,4036881892,3840637999,3866707340,1248796136,2800807529,2411769431,2182541068,1272631758,3121397798,338658521,3243308239,3255451082,1717315447,1835638796,1295130673,1209690078,48748853,3949882641,3023385080,2454211671,987080577,975219228,1092418809,92530276,3476589020
