online_server = s1.warface.ru
game_manual_profile_creation = 1
game_server_name = ru-bravo
game_version = 1.16100.1456.41200
game_crypt_iv = 834724096,29884556,849283813,14157667,779975000,969872986,327122214,893084885
game_crypt_key = 2547911934,3565238072,3824532834,1048144121,1567323705,2634439993,822447544,2514239338,3601545919,3673712785,2734995522,3439963814,1013667830,1877548385,2687710968,2903651195,1301928441,3363830900,4264782759,3674589407,1143664290,3410218079,320563285,3322714949,532458199,1299838359,1183114928,506784455,2829775185,4109701046,3301065939,3728905718
