online_server = s3.warface.ru
game_manual_profile_creation = 1
game_server_name = ru-charlie
game_version = 1.22000.2043.41200
game_crypt_iv = 834724096,29884556,849283813,14157667,779975000,969872986,327122214,893084885
game_crypt_key = 3361970036,2204831580,2262183191,1014345191,1179007158,2723898563,2178913116,651702967,4236768408,3986645816,2651749645,2705310197,4283129453,26548905,1370893071,1585362752,2493126517,89868912,623842083,130512623,492442044,3500829660,4273062926,3624603422,2692049829,2346213530,2429980426,2834306535,24526631,3218534420,2733839199,997115784
