online_server = s2.warface.ru
game_manual_profile_creation = 1
game_server_name = ru-charlie
game_version = 1.18000.1688.22400
game_crypt_iv = 834724096,29884556,849283813,14157667,779975000,969872986,327122214,893084885
game_crypt_key = 1324552639,2511892259,1394631306,1843173584,1760570383,2699391271,3285099080,651486122,143293167,4002814787,471299134,3749738674,234827626,3910836102,518770156,2528225067,4132631459,286389982,2610124360,3042017443,428710857,3583343555,3759429961,909738378,2249177905,2515181756,4291166723,332240148,3636203862,3758638784,1158766856,3582439194
