online_server = s2.warface.ru
game_manual_profile_creation = 1
game_server_name = ru-charlie
game_version = 1.20600.1897.41200
game_crypt_iv = 834724096,29884556,849283813,14157667,779975000,969872986,327122214,893084885
game_crypt_key = 1715621969,2663082625,2860660379,411746686,3780984095,3375961983,2640746671,1756560958,3986797611,1635636183,4066449849,3270015409,1088802814,251246339,547089981,697059798,3869799343,694660397,2576727775,1536378024,122098678,137438840,4282459334,2334239098,1919602683,1971512316,3923336886,812270013,557828957,2550749293,314991494,3799775958
