online_server = s2.warface.ru
game_manual_profile_creation = 1
game_server_name = ru-charlie
game_version = 1.18000.1656.22400
game_crypt_iv = 834724096,29884556,849283813,14157667,779975000,969872986,327122214,893084885
game_crypt_key = 1623917194,2117366587,2166756463,1294116165,3918809988,3362904266,3122106970,1566273085,3358845535,3042672613,976272551,2951903689,224137253,2683178940,1157689954,2465220971,2580527239,483310581,4069170738,3680192354,1882504193,1386532368,1071527532,3285013514,2888335034,3337126835,3331948476,4163394756,4178202572,1376616421,2597494445,2521547884
