online_server = s2.warface.ru
game_manual_profile_creation = 1
game_server_name = ru-charlie
game_version = 1.17200.1569.41200
game_crypt_iv = 834724096,29884556,849283813,14157667,779975000,969872986,327122214,893084885
game_crypt_key = 887718701,1461218939,2233220860,2892407498,2724260629,953860735,2597505713,4001688661,2076052255,3102863970,2950342709,4191858958,1711213613,2122931914,1809121237,3585744275,3061994877,2230661636,2252294508,2626347330,765883236,4183973711,3989100588,3398691290,2385117176,3727186922,2475694559,1354214314,527132521,3845975464,692274655,1089397177
