online_server = s3.warface.ru
game_manual_profile_creation = 1
game_server_name = ru-charlie
game_version = 1.21400.1969.41200
game_crypt_iv = 834724096,29884556,849283813,14157667,779975000,969872986,327122214,893084885
game_crypt_key = 2034399388,971358254,2673650070,2398673584,584987823,3627597311,4259423344,3704829133,476206931,2815846024,1882733727,544800768,2394659040,2309011782,3724834426,4204977635,3373670480,2083747409,1991177781,543738775,124845316,3957751249,2746638382,722789211,66119135,1072732704,1852966961,1371066464,2909466507,1340086477,1744282012,2597239714
