online_server = s3.warface.ru
game_manual_profile_creation = 1
game_server_name = ru-charlie
game_version = 1.22100.2101.41200
game_crypt_iv = 834724096,29884556,849283813,14157667,779975000,969872986,327122214,893084885
game_crypt_key = 1528155087,348519039,1065814286,349380108,3731721253,1984394957,4163256180,116135883,3758854769,650028424,1681302975,416466035,2741609032,2046823130,2913407556,2481575220,2085090663,102037796,2539239234,1990835733,1102758160,1750979822,2907948626,2529791340,2086757956,1053435930,30917832,1023777463,2712964159,2199534074,2235032004,680009128
