online_server = s2.warface.ru
game_manual_profile_creation = 1
game_server_name = ru-charlie
game_version = 1.17400.1590.41200
game_crypt_iv = 834724096,29884556,849283813,14157667,779975000,969872986,327122214,893084885
game_crypt_key = 4101297360,115050292,310059849,887058896,809844161,2506285655,3028923682,884311464,2894247700,1116324811,1521756992,2590020991,538162794,1133611075,2089880548,2020895862,3882306137,2259387014,1053641096,137488343,1494918301,1132937725,848264217,1472431174,430931445,2131525174,3199977847,3210599305,1769920693,4191514708,3008317630,3584085873
