online_server = s2.warface.ru
game_manual_profile_creation = 1
game_server_name = ru-charlie
game_version = 1.19900.1853.22400
game_crypt_iv = 834724096,29884556,849283813,14157667,779975000,969872986,327122214,893084885
game_crypt_key = 857804272,440128688,1219254068,4120703532,2057076187,2360279996,176240007,983734302,222413547,2854675118,726515478,3809921716,3759250121,466968803,2212697897,277959925,340892182,901640921,1110570707,3415469659,2542854728,2110438451,280882402,2013944917,2691179828,3376809656,3250560467,1242959575,667629373,4070972441,756101719,1907718504
