online_server = s2.warface.ru
game_manual_profile_creation = 1
game_server_name = ru-charlie
game_version = 1.18000.1664.41200
game_crypt_iv = 834724096,29884556,849283813,14157667,779975000,969872986,327122214,893084885
game_crypt_key = 3754323016,4281035746,1155298367,100310286,2745628939,3868049961,4170361944,3532556672,3395608122,1865101168,2335609500,1054809002,2489116671,925576225,810383399,334272506,2815263907,757708063,1371707883,3784866187,271253683,4130495678,1013955324,1571366096,167808954,3048011268,2500381685,3935764833,71147943,1715321369,749253257,1523275405
