online_server = s3.warface.ru
game_manual_profile_creation = 1
game_server_name = ru-charlie
game_version = 1.22800.2191.17100
game_crypt_iv = 834724096,29884556,849283813,14157667,779975000,969872986,327122214,893084885
game_crypt_key = 1449942755,4081307963,3861247304,3731605201,1032484230,636046473,1023752789,4106221308,4095980579,3553511856,247474254,2796512118,1478518423,395042638,3426204390,3492012762,2607318927,801474051,1129495979,2033534843,1916229208,2284144950,16612532,2153991216,37800315,1297359760,587090138,1797931272,1943800540,1994749556,2870033514,3919455319
