online_server = s2.warface.ru
game_manual_profile_creation = 1
game_version = 1.15700.1441.22400
game_server_name = ru-charlie
game_crypt_key = 3286801961,2734795912,369299939,3145339182,3032632347,4239109997,3384798361,2536945729,2513002050,396674547,2442729093,3358330746,157717188,2340370192,2801606013,930529567,1537706516,3981790611,2139923734,519198460,2806116900,834186097,3374411847,392839336,1803243394,1875007909,3560832490,574079259,122902521,4247442679,2571010547,1283265322
