online_server = s2.warface.ru
game_manual_profile_creation = 1
game_server_name = ru-charlie
game_version = 1.19700.1823.41200
game_crypt_iv = 834724096,29884556,849283813,14157667,779975000,969872986,327122214,893084885
game_crypt_key = 2724544522,3654595196,1519495405,1347447401,3808127048,1354780220,1061564427,17691340,3336151891,1380956761,15675612,3757887389,231600391,3761107288,164979884,570361923,3992472908,2341251196,4065667726,2031682613,2240403604,1943063953,3646491221,3620451667,513008944,2099925209,4084340187,4238953711,42446223,1167249640,3532295287,2082539844
