online_server = s2.warface.ru
game_manual_profile_creation = 1
game_server_name = ru-charlie
game_version = 1.16800.1531.41200
game_crypt_iv = 834724096,29884556,849283813,14157667,779975000,969872986,327122214,893084885
game_crypt_key = 1411865024,2785891492,3903796544,4068967969,435524871,2896042944,3026905065,3489291659,3853543414,3209041442,585620384,2711809510,1149672181,1222202022,441172610,2764091637,1340338505,3955299650,3257484130,891015278,1457681313,751518065,671685019,955240252,2251270237,4232773069,1280034774,1191936641,7958769,1649289258,4099998844,4260154647
