online_server = s2.warface.ru
game_manual_profile_creation = 1
game_server_name = ru-charlie
game_version = 1.19900.1844.41200
game_crypt_iv = 834724096,29884556,849283813,14157667,779975000,969872986,327122214,893084885
game_crypt_key = 3661518519,3309521760,1440609397,1550693693,2626397123,3172693681,1434648602,2211077354,1115996104,3323731234,2629785498,3261789187,695325649,29898928,2396308566,3835452404,4278614025,3636427235,138311339,1586623567,3968364684,3736108358,153232361,296007487,822858420,2513510587,3291575960,1047171751,910967032,857816381,3652923925,589321521
