online_server = s3.warface.ru
game_manual_profile_creation = 1
game_server_name = ru-charlie
game_version = 1.21200.1941.41200
game_crypt_iv = 834724096,29884556,849283813,14157667,779975000,969872986,327122214,893084885
game_crypt_key = 1251021307,1153600781,926246614,4224190656,2606124776,1634118990,3774680148,2778837226,425415636,4283541417,2223601518,3257796941,3695654037,1630309011,3618014347,747014764,3792843273,1478893384,2008590169,4282892268,1309870250,4021711996,154574379,1759784104,3491362283,2063564158,2246295947,122412498,3813380270,10501688,227008590,3146550759
