online_server = s2.warface.ru
game_manual_profile_creation = 1
game_server_name = ru-charlie
game_version = 1.16500.1512.22400
game_crypt_iv = 834724096,29884556,849283813,14157667,779975000,969872986,327122214,893084885
game_crypt_key = 3356391845,69242518,1078148383,169025050,2855211441,1433440977,1264129173,218974673,3090549569,1920966429,3294616504,1570718377,2328635281,2592605355,2507063138,27119302,2743693855,3015799699,1004661233,2161603883,2139670225,3770485356,3260619767,2847946675,1436701085,1509950231,488716684,2320249739,779866194,3153119632,3990673439,3500240457
