online_server = s2.warface.ru
game_manual_profile_creation = 1
game_server_name = ru-charlie
game_version = 1.16800.1526.41200
game_crypt_iv = 834724096,29884556,849283813,14157667,779975000,969872986,327122214,893084885
game_crypt_key = 2160163586,3449743850,1309709523,551304268,425711144,80482052,425060837,1563829452,2025964824,3411513114,2047407889,1203928858,3091574311,1096475148,2763680773,3871971983,3984944185,2793803149,1898285720,1673533563,3813202809,2586883894,3570208023,1536572602,1805082052,612314301,1651547116,1563896404,3364104348,2711616834,838038534,631746438
