online_server = s3.warface.ru
game_manual_profile_creation = 1
game_server_name = ru-charlie
game_version = 1.23400.2254.11900
game_crypt_iv = 834724096,29884556,849283813,14157667,779975000,969872986,327122214,893084885
game_crypt_key = 3940444242,3797942196,8981376,3469451911,2472592723,1664693957,3114144552,1975811862,2607811207,3090920237,2017043702,34786979,1959376879,2236899590,1392286091,7687494,2125265827,2522910880,602029010,577367141,3720778909,271601333,795742666,1973848009,244209417,56394947,3959975267,1213087103,601420633,2178822421,1407695569,1781027171
