online_server = s2.warface.ru
game_manual_profile_creation = 1
game_server_name = ru-charlie
game_version = 1.19200.1766.41200
game_crypt_iv = 834724096,29884556,849283813,14157667,779975000,969872986,327122214,893084885
game_crypt_key = 15405826,3407003428,3109841672,3807014765,664643225,2822959247,2785664616,1119980533,98972636,3045106389,393157754,3257566085,2859591169,2521778570,3208432925,694388552,3249153068,2399328577,1811801525,1991518519,1060116045,654329997,1401844713,637078768,554943168,224103710,1424515026,1956739805,3258978172,701623466,248512336,1797768126
