online_server = s3.warface.ru
game_manual_profile_creation = 1
game_server_name = ru-charlie
game_version = 1.21200.1957.22400
game_crypt_iv = 834724096,29884556,849283813,14157667,779975000,969872986,327122214,893084885
game_crypt_key = 2969506082,3710136155,310632199,714269958,2369086856,2077295043,3028443768,3139072642,3235764807,1224463988,2257480306,984732427,1794259593,388309581,414149228,3502994829,2940195404,2815485852,3903490672,848148077,3592626449,2878634902,150706581,2609426869,1728168414,3101034208,701411905,3291336779,2682740395,2994095980,776948417,3255714444
