online_server = s2.warface.ru
game_manual_profile_creation = 1
game_server_name = ru-charlie
game_version = 1.16100.1463.22400
game_crypt_iv = 834724096,29884556,849283813,14157667,779975000,969872986,327122214,893084885
game_crypt_key = 412360650,882665029,1008274028,484745454,1446950197,2525891200,1102933309,435343248,2883122108,2644426580,3886898221,137541668,3454189157,2600557515,1721014763,3485010117,2543470679,593864508,389729601,3521747233,2243458928,1986946094,498583623,1986775247,2698136741,4133143691,1493557587,4233644311,1603498415,2804851443,1987198212,2477239044
