online_server = s3.warface.ru
game_manual_profile_creation = 1
game_server_name = ru-charlie
game_version = 1.22800.2218.17100
game_crypt_iv = 834724096,29884556,849283813,14157667,779975000,969872986,327122214,893084885
game_crypt_key = 2470402973,3414627643,2445041004,2067553177,761269226,3955133280,1937774422,986359465,471825070,2144865450,1924183472,2748876061,341068414,2227638522,1733790675,2556266845,712701433,1428216491,3451139328,1939451388,4219715966,764250745,2948371290,3678228248,4059497251,3058764093,2358624916,3425700280,2518066726,2516270927,3317090611,3512931626
