online_server = s2.warface.ru
game_manual_profile_creation = 1
game_server_name = ru-charlie
game_version = 1.16300.1477.41200
game_crypt_iv = 834724096,29884556,849283813,14157667,779975000,969872986,327122214,893084885
game_crypt_key = 3045204734,1306974364,3913534530,1733793278,1773050365,579999786,220751660,1943709698,825806275,3681379644,1295375632,3004474265,954983110,692245337,1203816831,3496403156,1371894863,2311805678,2551712433,1136970685,3490490620,1135671980,4010303910,1669939259,2862390301,3053903701,3657524590,1676667364,3244897480,2861877174,1853932697,1353341313
