online_server = s3.warface.ru
game_manual_profile_creation = 1
game_server_name = ru-charlie
game_version = 1.23400.2258.11900
game_crypt_iv = 834724096,29884556,849283813,14157667,779975000,969872986,327122214,893084885
game_crypt_key = 34028671,697213797,3944132552,959700509,3911992800,4085979128,1675206891,783251652,3715791539,1926860315,3219336531,4097781642,100921057,790981615,68578615,1025070383,1230811987,2272488672,2390065776,2288132150,2814280122,2755997656,3584885112,3523776089,3868417195,2405464318,3783239963,86875018,239899158,1337374889,1357737888,902467446
