online_server = s3.warface.ru
game_manual_profile_creation = 1
game_server_name = ru-charlie
game_version = 1.21200.1943.41200
game_crypt_iv = 834724096,29884556,849283813,14157667,779975000,969872986,327122214,893084885
game_crypt_key = 266373323,4285847857,3327011998,40871335,4140889405,1422139985,3126748377,2177456045,3647943698,2870125553,1682624975,3313258100,1204380866,2046843495,3728967182,3938225168,1032265922,2112076800,3416774571,1243296540,2162596590,1477425370,4235241767,2770392593,690294837,312110500,2935933245,1082345973,2917103667,1223425384,2918522754,2116221823
