online_server = s3.warface.ru
game_manual_profile_creation = 1
game_server_name = ru-charlie
game_version = 1.21800.2023.41200
game_crypt_iv = 834724096,29884556,849283813,14157667,779975000,969872986,327122214,893084885
game_crypt_key = 3196213110,3967096907,1663371442,4255341851,3723703145,19235702,1510793306,3887595744,1515781074,1267603533,3627642143,2230803916,3103793775,1038565844,2273138060,3761720195,1627466050,2402005164,1721812117,4088097547,3043675089,4272792958,1184037573,1249537381,3643858293,797617965,2553592221,1662135316,2568660981,2047045667,2456344401,2847368662
