online_server = pts.warface.ru
game_server_name = ru-pts
game_version = 1.19900.1848.22400
game_crypt_iv = 834724096,29884556,849283813,14157667,779975000,969872986,327122214,893084885
game_crypt_key = 3718763654,3532556234,3204612676,376738427,572639058,1974148604,2870940504,458680287,1501202338,3608180320,296427321,1016990935,2471521518,1040699395,3178777978,895097071,1797432480,188544799,3223464275,1017568133,3883132248,3179257460,3968518669,3373201202,4224243239,2900110355,1595738176,2721401420,1122369840,1300913310,2850024720,3700448328
