online_server = pts.warface.ru
game_server_name = ru-pts
game_version = 1.19900.1832.41200
game_crypt_iv = 834724096,29884556,849283813,14157667,779975000,969872986,327122214,893084885
game_crypt_key = 3421405802,2380772296,3131193466,432123520,3446173412,1437257940,275274243,3226093149,1071306973,4145066160,298431420,613993072,4261070160,3443442643,2932189999,1851116041,145473692,990049380,664029415,3705209266,3619697516,346419564,3009124204,1201594525,2575041537,3161179065,2285145232,347193426,2211659037,2365832024,3767874629,92178078
