online_server = pts.warface.ru
game_server_name = ru-pts
game_version = 1.19500.1797.41200
game_crypt_iv = 834724096,29884556,849283813,14157667,779975000,969872986,327122214,893084885
game_crypt_key = 4280914515,280341952,288752454,2984724137,2807689209,2205192714,1134468507,1682214959,3545817104,4227074997,2951605129,2616044156,3073108144,2185982180,1203581616,637695509,3890298469,2613616331,3962784529,3110179356,1444168564,42796448,2407985715,3700701053,2586507025,3509498179,797087536,3385742001,1725974616,694826478,2822695847,4268931734
