online_server = pts.warface.ru
game_server_name = ru-pts
game_version = 1.18600.1719.41200
game_crypt_iv = 834724096,29884556,849283813,14157667,779975000,969872986,327122214,893084885
game_crypt_key = 417770939,3816769600,3267190783,2695591623,3071422853,6071032,3386326715,209219063,72595565,196789672,1507817840,1309736734,2875428232,3226391644,435460581,1290572314,925425797,4065283296,2828906243,2459454582,166322386,1675015864,2318332163,1767875100,2250562900,4255818610,1495005533,642895440,2972921185,2372199539,1395349675,1045773167
