online_server = pts.warface.ru
game_server_name = ru-pts
game_version = 1.21200.1939.41200
game_crypt_iv = 834724096,29884556,849283813,14157667,779975000,969872986,327122214,893084885
game_crypt_key = 3752308524,3832557545,2393072066,1859470720,115882129,2214347105,1433459628,3128832485,1134208877,1938275195,1798238703,2354505479,1683962913,109641518,3238878627,3792793395,2469130133,2706140137,3226023428,1892720643,3268790841,662606796,1745737228,2473099333,3559298663,864683604,4257232953,735553129,1365862895,2833403223,3659681018,1159287923
