online_server = pts.warface.ru
game_server_name = ru-pts
game_version = 1.18400.1702.41200
game_crypt_iv = 834724096,29884556,849283813,14157667,779975000,969872986,327122214,893084885
game_crypt_key = 931663089,3959561827,1703798205,2902234671,3517676737,2990863011,1278061579,1446348202,272389567,287804882,2488282445,2612210472,3144145425,1696311259,3550435083,1434611461,2969021005,1828981541,3478368253,3814805352,4185275665,4111822177,3192434909,3715515657,3956220526,1617825965,1268792585,2462687957,2731990570,774514359,2656849237,544944050
