online_server = pts.warface.ru
game_server_name = ru-pts
game_version = 1.22600.2103.17100
game_crypt_iv = 834724096,29884556,849283813,14157667,779975000,969872986,327122214,893084885
game_crypt_key = 889425701,783588784,4166381833,1597324722,3355516724,2681021340,2368950767,2532390047,2114652864,440379213,3832137179,882057736,4149531684,422010591,3455994443,1455076374,2796531286,2432660786,3411254886,1192390814,2791623797,2263971941,2031097611,111424655,2139532401,3422547010,3688284745,488177391,1542985624,885117362,3001883492,2229798845
