online_server = pts.warface.ru
game_server_name = ru-pts
game_version = 1.19200.1783.22400
game_crypt_iv = 834724096,29884556,849283813,14157667,779975000,969872986,327122214,893084885
game_crypt_key = 3734061233,2898724313,3631417618,1011207011,841380827,1423039408,3595779163,4153916043,1722774540,1841517599,2737693256,3687922899,3681558478,456483784,2266286703,3462290855,2978000138,2493610795,2660782959,533737329,550830636,4243833850,3428920913,3544111817,4075284825,2676721069,4250241618,3720344404,719929196,3406799595,3108325214,67952791
