online_server = pts.warface.ru
game_server_name = ru-pts
game_version = 1.21600.1987.41200
game_crypt_iv = 834724096,29884556,849283813,14157667,779975000,969872986,327122214,893084885
game_crypt_key = 3467209700,1261659617,1449971725,4042629364,722389232,50062180,3145815293,1531116266,1378063328,4135962872,4136713948,2996613747,2000741342,1555061436,2949972200,3781723035,762450509,2513659314,1255070545,1758840706,308398470,2289621022,2191581662,994467848,685081448,2333338987,1528304596,1115283153,1817193701,538402139,2672685362,54276384
