online_server = pts.warface.ru
game_server_name = ru-pts
game_version = 1.20400.1877.41200
game_crypt_iv = 834724096,29884556,849283813,14157667,779975000,969872986,327122214,893084885
game_crypt_key = 2042164685,1355751738,1128663033,611739839,3188904335,1180305838,3681124795,1840525218,1341933056,2394832458,3304868192,2979523560,2796672928,1495127516,1776472713,72166179,4139686807,533385285,2644297237,2428549850,2497686966,1610146187,2045531593,101132223,3489397136,411447515,2455321411,1312361355,2789102837,1226361502,2462243153,2392397509
