online_server = pts.warface.ru
game_server_name = ru-pts
game_version = 1.19700.1818.41200
game_crypt_iv = 834724096,29884556,849283813,14157667,779975000,969872986,327122214,893084885
game_crypt_key = 2969262023,1117410585,2690103585,3525811398,4046797376,2323433705,4015177727,745661268,3215012296,638081378,4231034892,313898665,2576080707,3022158800,2779189805,2265245208,580692570,2743497244,3422617468,1037975065,927567833,3496414422,2637844412,3526715490,1254148050,3073073389,3903157177,179876086,2491658164,490044458,2408620373,4103244385
