online_server = pts.warface.ru
game_server_name = ru-pts
game_version = 1.17400.1586.41200
game_crypt_iv = 834724096,29884556,849283813,14157667,779975000,969872986,327122214,893084885
game_crypt_key = 1150019011,3232407719,408327242,3660105829,4087896494,3957328580,2002891661,1668636252,1876564980,2935484018,3323779556,961677339,3985299221,3350457012,1161294288,2651454162,1802154264,3759959333,2447530587,901580239,1154727989,616332761,432645122,2149089037,25143210,3240490897,962288073,1810285549,1949001056,39033357,639063736,44168470
