online_server = pts.warface.ru
game_server_name = ru-pts
game_version = 1.19500.1807.41200
game_crypt_iv = 834724096,29884556,849283813,14157667,779975000,969872986,327122214,893084885
game_crypt_key = 2594525080,1796235635,520515992,887812108,1117799989,1505220707,1177595813,2454741678,3981825000,859347889,243918871,2013180314,3140779168,2106119286,554919322,2778721633,240340774,1196353425,3046339120,2463800067,1522409776,3064740653,3639567188,1614159835,571218473,3550502433,2518607099,1657889109,1709227118,3882898854,1221961259,3085801995
