online_server = pts.warface.ru
game_server_name = ru-pts
game_version = 1.21200.1946.22400
game_crypt_iv = 834724096,29884556,849283813,14157667,779975000,969872986,327122214,893084885
game_crypt_key = 3278938278,1994165239,473410716,1557587353,237017081,1213496729,3348597503,596338434,1306022335,3991686592,3872693718,3809766814,1217615406,892489311,2930630772,966962943,2740641361,3589004963,1048095426,2215573731,3046042791,1615421407,3133570737,4096625589,1939577990,2543991433,3526320924,1400789120,4159834175,905435697,1399812579,1682247857
