online_server = pts.warface.ru
game_server_name = ru-pts
game_version = 1.20300.1862.41200
game_crypt_iv = 834724096,29884556,849283813,14157667,779975000,969872986,327122214,893084885
game_crypt_key = 378889875,1633048254,2729121092,4111872672,2816020211,1635816827,1183439229,1865245861,1452585210,4042631408,555633769,3621538256,972050763,4277848346,2512106973,184564305,2551058561,1062551855,850789287,2258983035,2618608396,4259136270,2242925167,1894540061,37424175,3045373349,809249719,538802318,791963898,373309348,1363692259,3166823046
