online_server = pts.warface.ru
game_server_name = ru-pts
game_version = 1.17400.1604.22400
game_crypt_iv = 834724096,29884556,849283813,14157667,779975000,969872986,327122214,893084885
game_crypt_key = 754744742,3244731900,2716060210,3080283160,2387128389,2118639585,4568338,3368357480,77459168,3054470008,546436357,1409966888,1205742689,117323141,3523824342,3843190805,3427139248,780258383,2739206575,1800745851,976571458,3012142732,2643820432,3422380133,2346438259,1868289324,458535071,288611429,2883850076,2225283460,1743093364,3675386050
