online_server = pts.warface.ru
game_server_name = ru-pts
game_version = 1.21400.1973.22400
game_crypt_iv = 834724096,29884556,849283813,14157667,779975000,969872986,327122214,893084885
game_crypt_key = 3995887479,2042526086,1184159277,288936164,3121266841,2415141141,2881558435,1018639048,1624474978,429271738,843460423,2719891437,1667673119,1979115132,2768607208,980757962,3951635134,2782456514,2206938289,822480592,3205653212,1712037691,2620052025,296635334,3086816476,1438965739,3775451562,2653470047,3413788467,2694127218,2422836013,3435794207
