online_server = pts.warface.ru
game_server_name = ru-pts
game_version = 1.22000.2042.41200
game_crypt_iv = 834724096,29884556,849283813,14157667,779975000,969872986,327122214,893084885
game_crypt_key = 2145347633,3100977072,3311692507,1691685942,436762960,3573114865,3077740555,2873521286,4038821240,2755418777,1490495733,2870827014,3198296259,3625002838,991878529,1661614746,2998025072,2261964702,1851928633,4268710788,2922707227,1138225742,1084175483,2863653167,2627917918,725640118,1123637071,2964431384,3985822772,860363169,4031439574,3974180976
