online_server = pts.warface.ru
game_server_name = ru-pts
game_version = 1.18000.1660.41200
game_crypt_iv = 834724096,29884556,849283813,14157667,779975000,969872986,327122214,893084885
game_crypt_key = 478919405,3170890073,675481309,3484324677,547742097,1098743719,44554894,3022144416,1118604474,3467146890,896271072,3446444886,2793198171,708431770,1384269617,2953644479,2229004841,935345500,2864421296,3351684029,2929302710,2615499690,427298173,3176273774,3221150241,780614333,3561610524,2467816786,579877699,1210049662,4025430667,313570824
