online_server = pts.warface.ru
game_server_name = ru-pts
game_version = 1.17400.1596.22400
game_crypt_iv = 834724096,29884556,849283813,14157667,779975000,969872986,327122214,893084885
game_crypt_key = 407872363,1251811881,2725538051,3546079646,529625752,1469022673,1816342777,342766199,648314777,2928909052,3701721707,2046030043,2745956346,3223427506,3072423594,854075943,592608687,884737000,2170160574,42144281,1501568650,2599239867,875919191,2013662212,3136755453,1612395208,2488082164,810325249,3469575856,3632902131,2026687482,4193884270
