online_server = pts.warface.ru
game_server_name = ru-pts
game_version = 1.22600.2114.17100
game_crypt_iv = 834724096,29884556,849283813,14157667,779975000,969872986,327122214,893084885
game_crypt_key = 3984248857,342521619,3032974545,1920338538,2203902998,1117888980,2658744995,118835547,118157520,1025833505,2948856938,1309355305,1404552560,2698103608,872399706,2107300549,287472249,884387440,2905024534,3967184674,1264407998,915657419,1263272638,1910147891,468859774,1181987467,755902630,115013636,2534308489,3193307044,593375643,1130677295
