online_server = pts.warface.ru
game_server_name = ru-pts
game_version = 1.17200.1563.41200
game_crypt_iv = 834724096,29884556,849283813,14157667,779975000,969872986,327122214,893084885
game_crypt_key = 2931623307,3553816678,3876231750,551154905,4289304429,1502183620,1594302873,3574967754,2897676959,3911348962,1012668219,1998448630,4262170467,98851333,2336795121,1513071460,3756584297,3052185224,2549752816,4287402250,204659327,3546737776,224968864,2897602436,1318551773,549246591,2295937046,3605950779,1793486985,615472306,2159085226,3917389909
