online_server = pts.warface.ru
game_server_name = ru-pts
game_version = 1.21400.1962.41200
game_crypt_iv = 834724096,29884556,849283813,14157667,779975000,969872986,327122214,893084885
game_crypt_key = 1298257511,3863750635,2646385094,1678272376,3766111577,344729746,2452189556,2751443331,1356162928,1098222542,696037488,4030261271,1125250080,883008557,3511136908,903618425,3549570014,1191157297,2883285394,3031139922,1339091556,573102302,1141140150,2230862538,3049715313,1050056458,233960250,1001391404,3913227299,3032075928,7176632,823779861
