online_server = pts.warface.ru
game_server_name = ru-pts
game_version = 1.21000.1932.22400
game_crypt_iv = 834724096,29884556,849283813,14157667,779975000,969872986,327122214,893084885
game_crypt_key = 849907967,1677745735,710189557,2970516929,445390390,2707765490,1023750441,2032517013,385234605,4111690562,1772584326,1550210796,1970496202,3483362655,3699313904,3751944789,3955592527,469119235,348389623,1597219510,2779268730,95705785,2501460208,1239477283,1623744340,3999703088,3856862378,1638116239,2580079343,1339236413,1059950178,2221385960
