online_server = pts.warface.ru
game_server_name = ru-pts
game_version = 1.21000.1927.41200
game_crypt_iv = 834724096,29884556,849283813,14157667,779975000,969872986,327122214,893084885
game_crypt_key = 1884674942,4133249700,736204734,4037950646,3382130925,1346816649,4130721546,364406912,4261745226,2183336039,3617179666,4277917441,571297013,89748065,1848285361,3721643575,3402112994,3920677152,22638370,8678824,329855531,3584128516,23159767,345889454,3585386231,2011811746,4199378899,4000056810,1374468148,2361420827,4277795499,3219064685
