online_server = pts.warface.ru
game_server_name = ru-pts
game_version = 1.21400.1968.41200
game_crypt_iv = 834724096,29884556,849283813,14157667,779975000,969872986,327122214,893084885
game_crypt_key = 295435038,2512443523,2470721908,527710859,2596559012,2221202947,3760493357,3745881121,2676239337,3477042413,4017151978,50214586,3787214137,4057287085,2705288291,1382519132,1110417836,958996391,2504669491,1583618453,1490922598,2590076972,388726523,1723607232,1487345671,1157818466,790044136,3279565869,700624335,1304758141,837027179,4156280174
