online_server = pts.warface.ru
game_server_name = ru-pts
game_version = 1.19200.1779.41200
game_crypt_iv = 834724096,29884556,849283813,14157667,779975000,969872986,327122214,893084885
game_crypt_key = 2894738760,3252627871,1994579440,1480783824,3557112762,1502729589,787142718,63619083,3958823252,2622257680,3696526202,3364845367,4279726182,1023063166,3852473751,2788012743,3832685332,2666160341,2506979694,280214337,2330788829,3938581637,3720647198,3050574607,3559349999,4067538555,3525838391,4248670044,3242777332,3271281740,673628004,2948745113
