online_server = pts.warface.ru
game_server_name = ru-pts
game_version = 1.16500.1501.41200
game_crypt_iv = 834724096,29884556,849283813,14157667,779975000,969872986,327122214,893084885
game_crypt_key = 468679527,1396396686,884344162,443132277,2784346348,1907468519,1407363058,1550346935,3214658314,2201479132,1746394702,2920040126,870789291,575020459,1774656953,4291904193,60394805,3701075833,902554879,220196952,430563903,3780016030,433632422,1768293284,3278407594,1383806322,1616813360,1641892706,2143004579,2324498885,280146948,2958422624
