online_server = pts.warface.ru
game_server_name = ru-pts
game_version = 1.22100.2056.41200
game_crypt_iv = 834724096,29884556,849283813,14157667,779975000,969872986,327122214,893084885
game_crypt_key = 4129592089,1175294107,3055704348,1960223064,852049112,3466005740,1084624204,2221432213,2458023886,866801309,3078367656,3842878565,53923562,1306725837,778829376,2363715832,1971849586,2492313995,1898936758,3743600167,2180529972,24520084,2110299441,1312382183,1105173625,3215804445,536130070,930258877,2519786317,659969578,4278999680,2276420393
