online_server = pts.warface.ru
game_server_name = ru-pts
game_version = 1.20400.1874.41200
game_crypt_iv = 834724096,29884556,849283813,14157667,779975000,969872986,327122214,893084885
game_crypt_key = 639636253,699579813,1669188819,4059493023,1648033895,3847475914,3604778974,137252634,3565837804,113822670,2335415241,4101555282,2463647749,3816979388,2157994681,1291443916,1372682047,3827128319,2518217550,1619489252,3674435430,4263886325,1468240284,3113674149,1386549616,2021642931,1090313259,1884390939,2461727694,4237332033,2084009906,3535718318
