online_server = pts.warface.ru
game_server_name = ru-pts
game_version = 1.23200.2216.11900
game_crypt_iv = 834724096,29884556,849283813,14157667,779975000,969872986,327122214,893084885
game_crypt_key = 361139078,1445499636,4015361611,4052713586,388415700,3264129531,271816792,1923427619,3664002862,2823274350,3684009165,41893015,702827881,756291359,756625335,854682047,4049406171,1685447078,1436133991,541508320,1925163862,3935295934,2278824787,3138079529,186058066,2608001976,1455000953,1188438294,1437702890,1971635603,416975778,962606935
