online_server = pts.warface.ru
game_server_name = ru-pts
game_version = 1.18000.1647.41200
game_crypt_iv = 834724096,29884556,849283813,14157667,779975000,969872986,327122214,893084885
game_crypt_key = 2115159900,989410032,1107642489,2549846144,3325533028,618232728,126685574,688601826,2692698400,914989480,742985174,1363841235,3127677100,4222091199,44193225,1150696493,628660987,2483139937,2302709912,1157757019,1168276664,287963872,4021074825,1190977404,1809335831,4019741667,2730471758,3957527043,2864794765,2661106939,3233175827,3483371585
