online_server = pts.warface.ru
game_server_name = ru-pts
game_version = 1.22100.2058.41200
game_crypt_iv = 834724096,29884556,849283813,14157667,779975000,969872986,327122214,893084885
game_crypt_key = 1265886724,1585851135,2035877017,4105448057,3589551399,2131990853,524974047,3609399060,360847251,3017432775,823990334,248586814,2453540006,3887103292,1347732104,76232769,468738400,1181303265,2922892345,3775447532,814924520,3034697602,1722330934,1685144479,1362670592,1940703674,4181991995,743011840,3683086061,1669645684,3106866964,1454447027
