online_server = pts.warface.ru
game_server_name = ru-pts
game_version = 1.16500.1494.41200
game_crypt_iv = 834724096,29884556,849283813,14157667,779975000,969872986,327122214,893084885
game_crypt_key = 3709455577,1177520624,903641774,1044977334,2701888111,3546471295,3888333051,1917741484,863862122,3381200769,2020630200,1838463716,3969799502,928932976,2775948624,4186165267,3217884193,2708720370,4042532835,2447053473,1004892782,1407624676,1253936918,1883880597,3929933805,262998447,3590739156,2885775519,1977616740,720534249,710263870,3146101563
