online_server = pts.warface.ru
game_server_name = ru-pts
game_version = 1.17200.1564.41200
game_crypt_iv = 834724096,29884556,849283813,14157667,779975000,969872986,327122214,893084885
game_crypt_key = 3737127900,3607471631,2877240995,481265095,1033238812,2560585595,151885870,3365044731,2054816671,1897441407,1276600671,2996469233,2103182514,3118555726,2938371722,2894381136,4281790674,1362428927,179415099,128820702,3982108253,12325606,3522164737,4030538090,2027034744,4219519807,2194762868,2316079392,1481830700,968799552,3173615152,3548070952
