online_server = pts.warface.ru
game_server_name = ru-pts
game_version = 1.23100.2198.11900
game_crypt_iv = 834724096,29884556,849283813,14157667,779975000,969872986,327122214,893084885
game_crypt_key = 2713031959,1092499618,3773569531,776031860,2612772684,3936807648,2160903145,3823712529,3193637708,1573867594,2923416909,2932538824,2880078659,3365893327,970280409,2380743279,3017022448,171007642,2461112492,303626382,3252371607,3824025753,1263009555,1516903940,446723571,1120948843,794323260,1799322779,2594463025,982513827,2523262482,1181929226
