online_server = pts.warface.ru
game_server_name = ru-pts
game_version = 1.22800.2146.11900
game_crypt_iv = 834724096,29884556,849283813,14157667,779975000,969872986,327122214,893084885
game_crypt_key = 2459382473,230538278,3661944645,2283701233,3923542327,63805229,570801952,876500376,3591322821,877728837,1589932694,1446977879,2147199503,253333552,1642631467,3809208753,3497677539,1338952520,2479533908,123091982,1742157624,2065239540,2520753272,2435030582,1409657298,3043722159,3564180254,423274946,2576951118,2474353947,370011612,2379547920
