online_server = pts.warface.ru
game_server_name = ru-pts
game_version = 1.23600.2282.11900
game_crypt_iv = 834724096,29884556,849283813,14157667,779975000,969872986,327122214,893084885
game_crypt_key = 3194133273,708608536,2699404579,661197711,2013891039,3762883353,1666016231,487887480,2475652796,3099774738,3788147619,1844701156,2686081687,911897311,1898818398,1062514438,3489076594,2891573586,280000967,2652356253,2914862776,4242012208,3021225614,660243259,722558013,2779134832,1549344751,2682869676,2387834316,1219904113,4213592600,2916853087
