online_server = pts.warface.ru
game_server_name = ru-pts
game_version = 1.16300.1472.41200
game_crypt_iv = 834724096,29884556,849283813,14157667,779975000,969872986,327122214,893084885
game_crypt_key = 656665696,126003989,162845703,3097086009,3743084684,2020786662,979890764,3253394248,2059694691,1375610416,4215916396,3356960618,1164576153,2216058632,132509751,1003759670,315682423,860447828,1635582999,3122025257,1664704021,1035856392,1265660139,3704399725,4195456021,4102627333,1226887092,813699117,2815951916,1281002208,648321805,797852453
