online_server = pts.warface.ru
game_server_name = ru-pts
game_version = 1.22800.2161.11900
game_crypt_iv = 834724096,29884556,849283813,14157667,779975000,969872986,327122214,893084885
game_crypt_key = 2791861146,2652854126,1518142838,685949831,232024207,335152703,3742303406,2098660926,288865480,3034858524,1160729965,3012639255,2106849834,2979224723,1785910529,3779836619,3536957238,3936730119,4092152464,1433458005,3716514360,3517987908,3372150823,1325785501,1302819650,2280059471,3374012883,1279025532,2896661149,2238308468,2060516972,1054677365
