online_server = pts.warface.ru
game_server_name = ru-pts
game_version = 1.22100.2053.41200
game_crypt_iv = 834724096,29884556,849283813,14157667,779975000,969872986,327122214,893084885
game_crypt_key = 2261901429,170367366,416469626,3592094903,2105082475,2293961447,297755917,326017351,1845044016,859510638,1372820478,4206980333,3061301383,2655928324,3779205297,4149487443,702311670,45839097,2796825759,4186052934,1000680165,2076981224,809460754,728029742,1794786699,2576375032,970236417,3626480047,3346036706,2939835021,299393238,304809752
