online_server = pts.warface.ru
game_server_name = ru-pts
game_version = 1.20600.1896.41200
game_crypt_iv = 834724096,29884556,849283813,14157667,779975000,969872986,327122214,893084885
game_crypt_key = 1822654396,3547325463,2240386436,2941021724,1886571119,4047097573,3501663314,3264087611,4110688938,2844432953,521621171,1129755198,498593574,3401094277,3429458476,3269068916,1587198294,168161015,3414536076,1006518442,2356706744,2015020238,1843180458,569847225,3997671184,2143998217,650952361,4178387321,2173297314,2134213683,3621624619,920471731
