online_server = pts.warface.ru
game_server_name = ru-pts
game_version = 1.20600.1891.41200
game_crypt_iv = 834724096,29884556,849283813,14157667,779975000,969872986,327122214,893084885
game_crypt_key = 3559795666,2868977353,2530571605,405992717,351791264,3627511527,564129799,21303287,2913142334,2913444381,3624308506,304868715,1993614620,1733540822,3540533452,3851939880,717405496,770357862,4107064854,173965242,3541595362,1103090845,467412794,4127102217,727078704,3423872636,3047514187,3656194125,3950957912,3389060064,2622957621,4049737103
