online_server = pts.warface.ru
game_server_name = ru-pts
game_version = 1.19200.1778.41200
game_crypt_iv = 834724096,29884556,849283813,14157667,779975000,969872986,327122214,893084885
game_crypt_key = 4265285908,3804574577,3239557868,4047493772,1550783306,844914307,1895700944,4082529773,3202377620,522183402,431593225,1462606861,3559186936,1147328683,204521134,2978382240,1688604917,4133949111,2960895017,2675664147,25251356,1716957845,2743686664,243777997,3150984379,2979355237,3589049465,2034202054,2880058782,709546076,3904557326,2339950252
