online_server = pts.warface.ru
game_server_name = ru-pts
game_version = 1.16500.1510.22400
game_crypt_iv = 834724096,29884556,849283813,14157667,779975000,969872986,327122214,893084885
game_crypt_key = 3507101359,95437843,2546958322,2814350109,2112915517,2345776280,823880070,1635626138,3742565544,3793357050,1558720146,1325106316,1750373756,1405380911,3849113893,2656527014,3311062714,1719019908,2663163183,3543207774,612450313,1304348224,1581369293,1335872592,3290363206,1771430197,3172678289,917337914,4169373290,3129138930,1756713229,3359006792
