online_server = pts.warface.ru
game_server_name = ru-pts
game_version = 1.20300.1867.41200
game_crypt_iv = 834724096,29884556,849283813,14157667,779975000,969872986,327122214,893084885
game_crypt_key = 1285201943,2118449209,164763648,781518955,90491968,98039598,3517682781,1270257255,42327406,3909060641,1222047626,977976077,3782570512,40947854,1797475863,1094088721,1320234839,1741295719,826286295,3225473134,257445712,4202540633,117765426,27573501,1905948372,2227171298,2714260335,1275946710,3760659442,1844461824,1544961214,364264795
