online_server = pts.warface.ru
game_server_name = ru-pts
game_version = 1.19900.1828.41200
game_crypt_iv = 834724096,29884556,849283813,14157667,779975000,969872986,327122214,893084885
game_crypt_key = 2821905647,1454959534,2536904746,3272905596,3226559580,3844771721,49181094,3737764445,1760195267,1822009560,1356655307,2391108213,223488644,568072329,669515012,2767838906,12422228,2678688276,4273034518,1214486243,80072838,1143143640,2111344531,1163994813,3770868502,502982442,1761953714,1689840782,2434690926,1562616813,2656135045,4236749959
