online_server = pts.warface.ru
game_server_name = ru-pts
game_version = 1.20400.1879.41200
game_crypt_iv = 834724096,29884556,849283813,14157667,779975000,969872986,327122214,893084885
game_crypt_key = 3435489032,2440796939,3160510454,174414179,3251057429,2033102850,3574103627,3011072754,475542000,4222268420,3133091329,4267659227,2844710025,3204225753,786303005,3489734656,263861943,1024718250,3626926492,3055815373,2562685610,2206594962,2305596703,3156271213,1530376485,3975018783,533147944,3278086962,481287539,712160531,2659774124,1188997396
