online_server = pts.warface.ru
game_server_name = ru-pts
game_version = 1.21400.1965.41200
game_crypt_iv = 834724096,29884556,849283813,14157667,779975000,969872986,327122214,893084885
game_crypt_key = 1328988451,3722444864,4104019734,642516039,1127549524,455017341,3940539498,2281401185,242147822,987817483,3142349977,2378346351,2382794666,796924196,110268429,1130610689,1437606111,3327398630,1086517894,2902647384,1224035895,2707462257,4047898798,2317025597,1855082929,2696179257,2361712893,618730519,4032970284,1243808470,1505276033,3581826929
