online_server = pts.warface.ru
game_server_name = ru-pts
game_version = 1.21800.2015.41200
game_crypt_iv = 834724096,29884556,849283813,14157667,779975000,969872986,327122214,893084885
game_crypt_key = 1337582423,3013762386,1194776300,1254216369,4205857201,1195901937,3940822727,1253842757,3703393868,2687084022,2867068973,3183938412,1049124736,1736593525,4158798383,2943656319,284838907,3278166887,2552732419,8957843,1044937751,1740266892,63280542,821042722,1787844066,578713244,322309400,2360502070,1594975167,830302914,316577499,3341784466
