online_server = pts.warface.ru
game_server_name = ru-pts
game_version = 1.17000.1556.41200
game_crypt_iv = 834724096,29884556,849283813,14157667,779975000,969872986,327122214,893084885
game_crypt_key = 1638297213,844726036,3967770415,2915307895,272684387,3177598889,3484314104,2221645906,4232967614,3619081226,1899123433,2234769758,4172254726,1658681245,848876695,711106558,1319745217,2026016566,4237198321,2736574469,1801330964,670226964,1246540647,1127805007,1912832026,1468548951,843661019,844359584,3191566141,2049382518,3953790009,3989632933
