online_server = pts.warface.ru
game_server_name = ru-pts
game_version = 1.21000.1922.41200
game_crypt_iv = 834724096,29884556,849283813,14157667,779975000,969872986,327122214,893084885
game_crypt_key = 3925883800,3963065830,4210373411,3620363879,2822614480,1946117825,506808873,1716706735,849520079,1340459017,4003872734,507194335,3106198714,833347842,3740209591,544796382,2911549150,27017712,3145047746,3258655943,1338941631,3372001845,1078105356,1570751233,2164622532,1340523723,2240557525,1456615199,3266043642,12017066,2528805681,2090763053
