online_server = pts.warface.ru
game_server_name = ru-pts
game_version = 1.21600.1990.41200
game_crypt_iv = 834724096,29884556,849283813,14157667,779975000,969872986,327122214,893084885
game_crypt_key = 2259051320,2178792877,2197639140,564473486,2689609834,111984506,1694540799,4098552540,1922425732,2102243509,2803983971,936954523,2737818871,3681417751,3989715218,1565173767,2423472251,856048160,63560537,3670772184,3922401389,916861577,2818246875,4041597536,1404163638,1795278301,2993879426,123412876,3422509844,2986407191,1916663447,2294975660
