online_server = pts.warface.ru
game_server_name = ru-pts
game_version = 1.21800.2019.41200
game_crypt_iv = 834724096,29884556,849283813,14157667,779975000,969872986,327122214,893084885
game_crypt_key = 2271383560,2581586615,3632042515,2734876690,2995721154,777927463,1063473992,2252515727,1447119783,3111488379,2545909840,4215270844,218485018,3808952729,2123901968,296608739,2036110976,361779939,1715670347,1670531525,251490723,938468830,1805073247,3281656946,4150102222,2580535147,34132479,579223797,2620899252,1456344856,2695356873,440963049
