online_server = pts.warface.ru
game_server_name = ru-pts
game_version = 1.17000.1549.41200
game_crypt_iv = 834724096,29884556,849283813,14157667,779975000,969872986,327122214,893084885
game_crypt_key = 734324314,974316743,3187303490,2951729126,588772866,2867228519,650298937,2092289334,116642599,1588035619,909171670,2416780142,2775489324,1439144628,120361010,17370451,2247588152,4151745525,2827903560,4144625907,2955038181,2261275873,162892988,1086109914,939876397,950400944,2270586719,3555556789,1802389950,3203864417,4117281324,1581927427
