online_server = pts.warface.ru
game_server_name = ru-pts
game_version = 1.23400.2248.11900
game_crypt_iv = 834724096,29884556,849283813,14157667,779975000,969872986,327122214,893084885
game_crypt_key = 575337665,2781413090,2062903521,3441558281,2857310210,4223572361,1731812958,4062091497,1260590074,3005457821,255940575,1171492516,2345860680,3095999120,1305314341,892328961,163267214,3229292914,3080417321,870873941,1202999797,2916503031,3983137554,3786739605,3321226146,4188466795,1006215120,28570026,2867780445,1050231697,3423617414,587527793
