online_server = pts.warface.ru
game_server_name = ru-pts
game_version = 1.19000.1746.41200
game_crypt_iv = 834724096,29884556,849283813,14157667,779975000,969872986,327122214,893084885
game_crypt_key = 1725059314,549864405,2222888143,3894993616,2651703434,4276867971,3927463151,1260159892,1102743885,2462617148,1520849214,3903164337,3320274672,3287254080,3236878363,4019033451,3822761916,971488561,3489147774,2154678073,3129794807,459389189,1532766022,3422770572,1371720703,2244812398,3450525822,445547798,1143708056,1929860256,1487430847,4141258086
