online_server = pts.warface.ru
game_server_name = ru-pts
game_version = 1.23600.2272.11900
game_crypt_iv = 834724096,29884556,849283813,14157667,779975000,969872986,327122214,893084885
game_crypt_key = 3381847212,885424257,1365660771,1130736293,3415494175,810068399,98423266,68191163,2953070434,2046814673,4185149627,1476592949,2359869212,4167861327,3160767599,2952047701,3800845002,2337499442,2522350384,2209704633,394387646,4212409753,463478725,549519848,3899731284,4109842042,767623370,1237779636,512139427,43989320,1163785469,329306739
