online_server = pts.warface.ru
game_server_name = ru-pts
game_version = 1.20800.1908.41200
game_crypt_iv = 834724096,29884556,849283813,14157667,779975000,969872986,327122214,893084885
game_crypt_key = 3000597395,1659201498,3039707430,607240386,1202740812,1151763343,3971002120,6912709,450071822,3475745624,3431553707,3326287490,3462612253,3338947796,271617494,12999262,1008473112,363788671,2315025340,857823806,2558512864,2899651752,3004433937,708198359,2887564312,1660208792,2422461486,19895213,2230349524,2917760651,1734070594,4048982354
