online_server = pts.warface.ru
game_server_name = ru-pts
game_version = 1.23200.2224.11900
game_crypt_iv = 834724096,29884556,849283813,14157667,779975000,969872986,327122214,893084885
game_crypt_key = 404228593,4185153126,3472504215,1239252207,2029671171,1360844206,2044015646,2010648072,3715379326,3791093285,2217598637,4034746565,1738574693,1908348890,762176779,931896466,3894794712,2796661457,865615212,1255207757,2936908479,195644366,1446541081,2524743118,560651677,3221958272,4160761959,3040034917,434355834,1897147327,1610737026,3808900576
