online_server = pts.warface.ru
game_server_name = ru-pts
game_version = 1.17600.1612.41200
game_crypt_iv = 834724096,29884556,849283813,14157667,779975000,969872986,327122214,893084885
game_crypt_key = 683810157,1822333581,3542861692,2422002365,1267048824,4164321353,2838170875,1392771862,3108551256,2920684034,2042869973,3653358970,2235990531,3294613456,3157192028,2131129378,1060007792,1115652407,1245220445,2756967498,3088554967,2787753166,804547349,875518803,3367803947,3751593991,162600656,2195082781,2289612559,1494726633,3819960406,710043783
