online_server = pts.warface.ru
game_server_name = ru-pts
game_version = 1.19200.1765.41200
game_crypt_iv = 834724096,29884556,849283813,14157667,779975000,969872986,327122214,893084885
game_crypt_key = 1166366324,2591942724,1957591973,3096151257,3481863237,143479758,2500793202,1591678742,1770360954,3688697139,86921963,3019140676,4134021625,2253190907,3019011685,2809525915,89134246,2971814457,2379330375,2581210019,1673055647,3201927159,1129360615,3730223359,3485534815,3666072169,1873973841,4055192346,3172589727,2275565672,2957662988,2366256408
