online_server = pts.warface.ru
game_server_name = ru-pts
game_version = 1.21800.2021.41200
game_crypt_iv = 834724096,29884556,849283813,14157667,779975000,969872986,327122214,893084885
game_crypt_key = 3556728511,4060843244,2098309473,1974352241,1663005056,906198345,1470679385,2560945668,3249103584,2276183540,2262575696,1128484344,2760053581,405823349,371898191,2723205442,3449064358,2336057592,272501198,421862445,2256251960,2266831192,3923586410,2319907685,2459759238,4055145481,2646895129,3663308372,1962106713,2017229257,749619095,3906224384
