online_server = com-tr.wfw.warface.com.tr
game_server_name = tr
game_version = 1.17400.4153.17500
game_crypt_iv = 834724096,29884556,849283813,14157667,779975000,969872986,327122214,893084885
game_crypt_key = 4189825069,2402344604,4205622848,3351410532,4059893971,1596653473,265478705,3715025472,2984472973,490331046,3154879994,489911207,1261127153,404322981,1727068666,1096070705,1588441894,2968822499,3759569385,1120264601,4193104269,574703982,2418217026,2002041660,2882236161,3185135003,4184489493,3268509962,3111414830,1158387993,94193278,4231317375
