online_server = com-tr.wfw.warface.com.tr
game_server_name = tr
game_version = 1.16300.4116.17500
game_crypt_iv = 834724096,29884556,849283813,14157667,779975000,969872986,327122214,893084885
game_crypt_key = 1164802207,3604197376,845698864,4279168924,331747872,1291267826,1378894176,3002594092,275185703,1534503738,2635188174,2326805825,3925986405,61529128,3221161385,3103843016,1285286426,2169407513,381033359,4137707741,906087666,1129811869,2976436683,2871270606,4215043111,3786543406,3977570462,3824582156,3456209580,2916305278,561182705,2336821141
