online_server = com-tr.wfw.warface.com.tr
game_version  = 1.15400.4102.17500
game_server_name = tr
game_crypt_iv = 31,120,212,244,34,86,249,25
game_crypt_key = 3906662342,1615925801,2745430942,2658663426,1828768879,2531702895,4234780039,1205064771,1234811601,2304023182,1394701447,3289597813,2812604577,3669458816,348533381,4257428579,2002833907,2036775923,3759127341,737163497,1931577091,940309819,604492638,1419581242,1323451701,2698164141,2577446749,2925576554,3760639441,3379151241,3313818075,2139173023
