online_server = com-tr.wfw.warface.com.tr
game_server_name = tr
game_version = 1.16500.4134.17500
game_crypt_iv = 834724096,29884556,849283813,14157667,779975000,969872986,327122214,893084885
game_crypt_key = 2563250690,2244966734,2145993369,1493553586,3293087221,2276723965,2215553410,819192812,538923638,3253632725,3583864890,1130708916,3137173208,917923110,3695309536,3997140883,679406576,1190888184,2518926386,3825111102,3825334482,845069577,3444427667,711571971,3384940396,592222865,3142983733,81227221,2827717064,767894246,2899058552,2812223263
