online_server = com-tr.wfw.warface.com.tr
game_server_name = tr
game_version = 1.15400.4103.17500
game_crypt_iv = 31,120,212,244,34,86,249,25
game_crypt_key = 3516057335,3788740008,3988743582,646672519,402873632,1961873248,4286569732,3554507249,3276688204,4268205150,3318893351,1987843518,378851425,2853466971,1554777358,3815720816,1690635121,817393907,4227348317,2251928589,3042181915,2480742940,1297878386,2291087888,2191296533,2793939834,3691385588,4115448835,3627576106,3651698189,1232635036,618601355
