online_server = com-tr.wfw.warface.com.tr
game_server_name = tr
game_version = 1.17000.4142.17500
game_crypt_iv = 834724096,29884556,849283813,14157667,779975000,969872986,327122214,893084885
game_crypt_key = 683968998,1607633304,1007781021,1779611379,2733290601,3535732471,618232217,68982141,1903119492,2522488877,1693656196,561065760,4180830637,2953065437,585624584,1395098167,3754458131,624922811,986897707,3649309260,3330201538,2312179301,2113468806,4006765589,4069716510,2708057052,2959778719,61507267,1580907992,2460629924,3764991326,3957189439
