online_server = com-tr.wfw.warface.com.tr
game_server_name = tr
game_version = 1.17600.4166.17500
game_crypt_iv = 834724096,29884556,849283813,14157667,779975000,969872986,327122214,893084885
game_crypt_key = 282331940,3105703644,3181717572,1835401076,2157258342,642449992,2125029149,4274168488,1551155098,571169250,973769696,3871895822,2642140498,2184036111,595834723,931044677,4208543095,3653155100,3219555901,4101825353,392771173,580119378,3822160933,939660778,2333503210,71222864,2448976296,2290563669,3674988635,3790853677,3593984814,505513019
