online_server = com-tr.wfw.warface.com.tr
game_server_name = tr
game_version = 1.17400.4157.32100
game_crypt_iv = 834724096,29884556,849283813,14157667,779975000,969872986,327122214,893084885
game_crypt_key = 4129517957,3592306251,2158583705,4110058972,1127556037,2151736576,2437617316,2926121457,1051030016,2780676363,841087027,694431650,224862252,1377194850,1334822000,75864013,3757226498,1349308490,714504215,2458615828,765534662,1638892906,3816582449,4109307611,3361773544,57991650,3027276210,3224075854,1957253679,250119509,222064848,1734388342
