online_server = com-tr.wfw.warface.com.tr
game_server_name = tr
game_version = 1.16500.4126.17500
game_crypt_iv = 834724096,29884556,849283813,14157667,779975000,969872986,327122214,893084885
game_crypt_key = 2686890749,1547973705,950562464,1195169228,3136199777,2050549352,3704088551,3811719408,2817409462,1404399588,2658330824,2623932932,1279330868,3222498010,3615252775,644789512,1119358194,2608343531,3741485440,4102228194,115949625,2214655368,2361680816,1371295903,781334986,16309629,2055757105,492483858,49127897,2878673642,3498189485,1063672046
