online_server = com-tr.wfw.warface.com.tr
game_server_name = tr
game_version = 1.18000.4187.17500
game_crypt_iv = 834724096,29884556,849283813,14157667,779975000,969872986,327122214,893084885
game_crypt_key = 1753842312,2922735209,152704114,2892442785,1300898686,1797825831,4104478365,2990915738,1256132291,453104530,1101603426,654664568,2229230207,1520697351,72288823,2643685038,2727339068,2886943403,1499170207,2377689087,3282563421,3497914416,50668959,1977443398,1258144334,1805126064,3953491540,1103398153,3678104885,3129218367,73243228,2234290936
