online_server = rrdns.warface.goplay.vn
game_server_name = vn
game_version = 1.16500.694.18900
game_crypt_iv = 834724096,29884556,849283813,14157667,779975000,969872986,327122214,893084885
game_crypt_key = 4100262788,119802080,606731572,2835827732,4292225849,2995755200,3684673777,2173750377,2892496611,748614741,1037298239,2430954971,1914404848,2698835816,1715027121,3891010994,1627679232,1213163274,836025069,1173265986,1194233536,3862956061,926342078,2173333857,2470344657,2957443138,2397504379,2437042674,2666726321,2183753569,2697397671,934868109
