online_server = rrdns.warface.goplay.vn
game_server_name = vn
game_version = 1.18000.754.18900
game_crypt_iv = 834724096,29884556,849283813,14157667,779975000,969872986,327122214,893084885
game_crypt_key = 1298053365,1536982174,358242205,1817988522,4035073322,676288723,1435535831,1959869445,3610080075,2058015379,613511198,2683024878,1158587553,1041234025,1403338596,3134725181,3459589479,2920182793,4085877955,387914046,2589914965,2643096657,948817147,61664269,3949526282,427312159,348789707,3196313531,1704694408,2060414663,4072641201,483064893
