online_server = rrdns.warface.goplay.vn
game_server_name = vn
game_version = 1.16300.675.18900
game_crypt_iv = 834724096,29884556,849283813,14157667,779975000,969872986,327122214,893084885
game_crypt_key = 1501796339,142649991,4130480347,3332382275,3615471841,546711406,226902571,1789298402,862169113,2438344052,2659191893,453029251,636404614,793313501,283839450,4223864239,3117788756,2069521050,3113895675,1390083173,2170997456,4073163854,1997091999,1155842372,1559320688,3878017542,1583199813,828032085,3683666974,3453442285,3249627737,1765469372
