online_server = rrdns.warface.goplay.vn
game_server_name = vn
game_version = 1.16500.685.18900
game_crypt_iv = 834724096,29884556,849283813,14157667,779975000,969872986,327122214,893084885
game_crypt_key = 3166021278,1360919987,2232477501,312734642,3090934914,1591661898,3620502127,1767890459,1289452905,2572338474,279475549,572534929,769032424,1828745009,508213660,3596611068,3106080644,3762614798,2261265650,818084436,1055314525,1317424482,2537590762,1539877387,726051095,225603595,3168622329,1063722638,2985613976,2935196367,2254026898,2852112378
